[10000 10000 10000 10000     0 10000 10000 10000 10000 10000 10000     0
 10000 10000 10000 10000     0 10000 10000 10000 10000 10000     0 10000
 10000     0 10000 10000 10000 10000 10000    90     0 10000 10000  8733
 10000 10000 10000 10000 10000     0 10000 10000 10000 10000 10000 10000
 10000 10000 10000 10000 10000 10000     0 10000 10000 10000 10000 10000
 10000  9974 10000 10000 10000 10000    11 10000 10000 10000 10000  2219
   100 10000 10000 10000 10000 10000     0 10000 10000 10000     0 10000
 10000 10000 10000 10000 10000     0 10000 10000 10000 10000 10000 10000
 10000  4506 10000 10000 10000     0 10000 10000 10000 10000 10000     0
 10000 10000 10000 10000     0 10000 10000 10000 10000 10000 10000 10000
 10000  2030 10000 10000 10000 10000 10000 10000 10000 10000  9940 10000
 10000 10000     0 10000     0 10000 10000 10000 10000 10000 10000 10000
 10000 10000 10000 10000 10000 10000     0 10000 10000 10000 10000 10000
 10000 10000 10000 10000 10000     0 10000  9994 10000 10000 10000  4819
     0 10000    11 10000  9932 10000 10000 10000 10000 10000 10000 10000
 10000 10000 10000 10000 10000 10000 10000 10000  9945 10000 10000  9673
 10000 10000 10000 10000 10000  8366     0 10000 10000 10000 10000 10000
 10000  1430 10000 10000 10000 10000 10000 10000 10000 10000 10000 10000
     0 10000 10000 10000 10000 10000 10000 10000 10000 10000 10000 10000
 10000 10000 10000 10000 10000 10000 10000 10000 10000 10000 10000 10000
 10000     0 10000 10000 10000 10000 10000  8090 10000 10000     0 10000
 10000 10000 10000 10000 10000 10000 10000 10000 10000 10000 10000 10000
 10000 10000  1839 10000     0 10000 10000 10000 10000 10000 10000     0
 10000     0 10000 10000     0 10000 10000 10000     0 10000 10000 10000
 10000 10000 10000 10000  3736 10000 10000 10000 10000 10000 10000     0
 10000 10000 10000 10000 10000 10000 10000 10000 10000 10000 10000  9995
 10000 10000 10000 10000 10000 10000 10000 10000 10000 10000 10000 10000
 10000 10000     0 10000 10000 10000 10000 10000 10000 10000 10000 10000
 10000     0     0 10000 10000 10000 10000 10000     0 10000  6742 10000
 10000 10000 10000     0     0   141 10000     0 10000 10000 10000 10000
  9907 10000 10000  4429 10000  9866 10000 10000 10000 10000  5832 10000
 10000 10000  6287 10000   142 10000 10000 10000 10000 10000 10000 10000
 10000 10000 10000 10000 10000  6675   184 10000 10000 10000     0 10000
 10000 10000 10000 10000 10000 10000 10000 10000 10000 10000 10000     0
     0  9993 10000 10000 10000 10000 10000 10000 10000 10000     0 10000
 10000   208 10000 10000 10000 10000 10000 10000 10000 10000 10000 10000
 10000 10000 10000     0 10000 10000 10000 10000 10000 10000  9971 10000
 10000 10000 10000 10000 10000 10000 10000 10000 10000 10000 10000 10000
 10000 10000 10000 10000 10000 10000 10000 10000 10000 10000 10000 10000
 10000 10000  5267 10000  9928 10000 10000 10000 10000     0 10000     0
 10000 10000 10000 10000     0  8470 10000  9978 10000 10000 10000 10000
 10000     0 10000 10000 10000 10000     0 10000 10000 10000 10000 10000
     0 10000 10000 10000 10000 10000 10000 10000   455 10000     0 10000
 10000 10000     0 10000 10000 10000 10000  5469 10000 10000  6326 10000
 10000 10000  9979 10000 10000 10000   756 10000   382     0 10000 10000
 10000 10000 10000 10000 10000 10000 10000 10000 10000 10000 10000 10000
     0 10000 10000 10000  1545 10000 10000 10000 10000 10000     0 10000
 10000     0 10000 10000  9559 10000 10000 10000 10000 10000     0 10000
 10000 10000  9586 10000 10000  2480 10000 10000 10000 10000 10000 10000
 10000 10000 10000 10000 10000 10000 10000 10000 10000 10000 10000 10000
 10000 10000 10000 10000 10000 10000 10000 10000     0 10000 10000     0
 10000 10000 10000 10000 10000 10000 10000 10000  3459 10000 10000 10000
 10000 10000 10000     0 10000 10000 10000 10000 10000 10000 10000 10000
 10000 10000 10000 10000 10000   281 10000 10000 10000 10000 10000  1569
 10000  8236 10000 10000 10000 10000 10000 10000 10000 10000 10000 10000
 10000  9053 10000 10000 10000 10000 10000 10000     0 10000 10000 10000
 10000 10000 10000 10000 10000 10000 10000 10000 10000 10000 10000 10000
  9026 10000 10000 10000 10000 10000 10000 10000 10000 10000 10000 10000
 10000 10000 10000 10000 10000 10000 10000 10000 10000 10000 10000 10000
 10000 10000 10000     0 10000     0     0  7874 10000 10000 10000 10000
 10000 10000 10000 10000 10000 10000 10000 10000     0 10000 10000 10000
     0 10000 10000 10000 10000 10000 10000   774 10000 10000 10000 10000
     0 10000 10000     0 10000  9974 10000 10000 10000 10000 10000  9985
 10000 10000 10000 10000 10000 10000 10000 10000     0 10000 10000     0
 10000 10000 10000 10000 10000 10000 10000 10000  4174 10000 10000  1235
 10000 10000 10000 10000 10000  1129 10000  1364 10000 10000     0 10000
 10000 10000 10000 10000 10000 10000  8381   242 10000 10000 10000     0
 10000 10000 10000 10000 10000 10000 10000 10000 10000 10000 10000 10000
 10000 10000 10000 10000 10000 10000 10000 10000 10000 10000     0     0
   579 10000     0 10000 10000 10000 10000 10000 10000  1007 10000 10000
     0 10000 10000 10000     0  8770 10000     0     0 10000 10000 10000
  3244 10000 10000 10000 10000 10000 10000 10000 10000     0 10000 10000
 10000 10000 10000 10000 10000 10000 10000 10000 10000 10000 10000 10000
 10000   153 10000  8922 10000 10000 10000     0 10000 10000 10000 10000
 10000     0   141 10000 10000 10000 10000     0     0 10000 10000 10000
 10000     0 10000     0 10000   106 10000 10000     0 10000 10000 10000
   791 10000 10000 10000 10000 10000 10000 10000 10000  7614 10000 10000
 10000 10000 10000 10000 10000 10000 10000 10000 10000 10000 10000     0
 10000 10000 10000   757 10000 10000 10000 10000 10000 10000 10000 10000
 10000 10000 10000 10000 10000 10000 10000 10000 10000 10000 10000 10000
 10000 10000 10000 10000 10000 10000 10000 10000 10000 10000 10000     0
 10000 10000 10000 10000 10000     0 10000 10000 10000 10000 10000 10000
     0     0 10000     0 10000 10000 10000 10000 10000  8871 10000 10000
 10000 10000  9232 10000 10000 10000     0 10000 10000 10000 10000 10000
 10000 10000 10000 10000 10000 10000 10000     0     0   699 10000 10000
 10000 10000 10000 10000 10000 10000 10000 10000 10000 10000 10000 10000
 10000 10000 10000 10000 10000 10000 10000 10000 10000     0 10000 10000
 10000 10000 10000 10000 10000 10000 10000     0 10000 10000 10000 10000
 10000 10000 10000 10000 10000 10000 10000 10000     0     0 10000     0
 10000 10000 10000   751 10000 10000 10000 10000 10000 10000 10000 10000
     0 10000 10000 10000  9447 10000 10000  8929 10000     0 10000 10000
 10000 10000 10000  1351 10000 10000 10000 10000 10000 10000 10000 10000
 10000 10000 10000 10000 10000 10000  5473 10000 10000     0 10000 10000
 10000 10000 10000  9584 10000 10000 10000 10000 10000     0 10000 10000
 10000 10000 10000 10000 10000     0 10000 10000 10000 10000 10000 10000
 10000 10000 10000 10000     0 10000 10000 10000 10000 10000 10000     0
     0 10000 10000 10000 10000 10000 10000 10000  9405 10000 10000 10000
 10000 10000 10000     0     0 10000     0 10000 10000 10000 10000 10000
 10000 10000 10000 10000 10000 10000 10000 10000 10000     0 10000 10000
 10000     0 10000 10000     0 10000 10000 10000     0 10000 10000 10000
 10000 10000 10000 10000 10000 10000 10000 10000 10000 10000 10000 10000
 10000 10000 10000 10000 10000 10000 10000 10000 10000 10000 10000 10000
 10000 10000 10000 10000 10000  3094 10000 10000 10000 10000 10000     0
 10000 10000 10000 10000 10000 10000     0 10000 10000 10000 10000 10000
 10000 10000 10000  1224 10000 10000 10000 10000 10000 10000 10000 10000
 10000 10000 10000     0 10000 10000 10000 10000 10000     0 10000   659
 10000 10000 10000 10000 10000 10000 10000 10000 10000 10000 10000 10000
     0 10000 10000 10000 10000 10000 10000 10000 10000 10000     0 10000
 10000 10000 10000 10000 10000 10000 10000 10000 10000     0 10000 10000
 10000     0 10000     0 10000 10000 10000  5810  9955 10000     0 10000
 10000 10000 10000 10000 10000 10000 10000 10000 10000 10000 10000 10000
 10000     0 10000  9993 10000   726 10000 10000 10000 10000 10000 10000
 10000 10000 10000 10000 10000 10000 10000   130   758 10000  9437 10000
 10000 10000     0 10000 10000 10000 10000 10000 10000 10000 10000 10000
 10000 10000 10000 10000 10000     0 10000     0 10000 10000 10000 10000
 10000 10000 10000 10000     0 10000 10000 10000 10000 10000 10000 10000
 10000 10000 10000 10000 10000     0 10000 10000 10000 10000 10000 10000
 10000 10000 10000 10000 10000 10000 10000   470 10000 10000   513 10000
 10000 10000 10000 10000 10000 10000 10000 10000 10000 10000 10000 10000
 10000 10000 10000 10000 10000 10000 10000 10000 10000  9993 10000 10000
 10000 10000 10000     0 10000  9638 10000 10000 10000 10000 10000 10000
 10000     0 10000 10000 10000 10000     0 10000 10000 10000 10000 10000
 10000 10000 10000 10000 10000 10000 10000 10000 10000     0 10000 10000
 10000 10000     0 10000 10000 10000 10000 10000 10000 10000 10000 10000
 10000 10000 10000 10000 10000 10000 10000 10000 10000 10000     0 10000
     0  2718 10000 10000  9862 10000 10000 10000 10000 10000 10000 10000
 10000 10000 10000 10000 10000 10000 10000 10000 10000  9948 10000 10000
 10000  1595  8970 10000 10000 10000 10000 10000 10000 10000 10000 10000
     0     0 10000 10000     0 10000 10000 10000 10000 10000 10000 10000
 10000 10000 10000  8638 10000 10000 10000 10000 10000 10000 10000 10000
 10000 10000 10000  9849 10000 10000 10000     0  6133 10000 10000 10000
 10000 10000 10000 10000 10000 10000 10000     0 10000 10000  9003 10000
 10000 10000 10000 10000   113 10000 10000 10000  1959 10000 10000 10000
 10000 10000 10000 10000 10000 10000     0 10000 10000 10000 10000 10000
 10000 10000 10000     0 10000 10000 10000 10000 10000 10000 10000 10000
   224 10000 10000  5639 10000  8397 10000 10000 10000 10000 10000 10000
 10000 10000 10000     0 10000 10000 10000  2915 10000 10000 10000 10000
 10000 10000 10000 10000  2047 10000 10000     0 10000     0 10000 10000
 10000 10000 10000 10000 10000 10000 10000  9999  9918 10000 10000     0
 10000 10000 10000 10000 10000     0 10000 10000 10000 10000    89 10000
 10000 10000 10000 10000 10000 10000 10000 10000 10000 10000 10000 10000
 10000  9985 10000 10000     0 10000 10000 10000  9055 10000     0     0
 10000 10000 10000 10000 10000 10000 10000 10000 10000     0 10000 10000
     0 10000 10000 10000  4945 10000     0 10000     0 10000 10000 10000
 10000     0 10000 10000 10000 10000 10000 10000 10000 10000  3193 10000
 10000 10000  5277 10000 10000 10000 10000 10000 10000 10000 10000 10000
 10000 10000     0 10000 10000 10000 10000 10000 10000 10000 10000 10000
 10000  6701   827 10000 10000 10000  9216 10000 10000 10000     0  2196
 10000 10000  9206 10000 10000 10000 10000 10000   395 10000 10000     0
 10000 10000 10000 10000     0 10000 10000 10000 10000     0    38     0
 10000 10000 10000 10000 10000  1764 10000  3519 10000 10000 10000 10000
 10000 10000 10000 10000 10000 10000 10000 10000 10000 10000 10000 10000
     0 10000 10000 10000 10000     0 10000 10000 10000     0 10000 10000
 10000 10000 10000     0 10000 10000 10000 10000     0 10000 10000     0
 10000 10000 10000 10000 10000 10000 10000 10000 10000 10000 10000 10000
 10000     0     0 10000 10000 10000 10000 10000 10000     0 10000 10000
 10000 10000 10000  7418 10000 10000   280 10000 10000    82 10000 10000
 10000     0 10000 10000 10000 10000 10000 10000 10000     0   224 10000
 10000 10000  9994     0     0 10000 10000 10000 10000     0 10000 10000
 10000 10000 10000 10000 10000     0 10000     0   652 10000 10000 10000
 10000 10000 10000 10000 10000     0 10000 10000 10000 10000 10000 10000
 10000 10000 10000 10000 10000 10000 10000 10000 10000 10000 10000 10000
 10000 10000 10000 10000     0 10000 10000 10000 10000 10000 10000 10000
 10000  9406 10000 10000 10000 10000 10000 10000 10000 10000 10000     0
 10000 10000 10000 10000     0 10000 10000 10000 10000 10000 10000 10000
 10000 10000 10000     0  7668 10000 10000 10000 10000 10000 10000     0
     0  9343 10000     0 10000 10000     0 10000     0 10000     0 10000
 10000 10000     0 10000 10000 10000 10000 10000     0 10000   332 10000
 10000     0 10000 10000  8005 10000 10000 10000 10000     0 10000 10000
  3852 10000  8899  9934 10000   116 10000 10000 10000 10000 10000 10000
 10000 10000 10000 10000 10000 10000 10000  3108     0 10000  2795 10000
 10000 10000 10000     0 10000 10000 10000 10000  1507 10000 10000     0
 10000 10000 10000 10000 10000 10000 10000 10000 10000     0 10000 10000
 10000 10000 10000 10000 10000 10000 10000  3535 10000 10000 10000  4811
 10000 10000 10000     0 10000     0   142 10000 10000 10000 10000 10000
 10000     0 10000 10000   455     0 10000 10000  4429 10000 10000 10000
 10000     0 10000  1250 10000 10000 10000 10000 10000 10000 10000     0
     0 10000 10000 10000 10000 10000 10000 10000 10000 10000 10000     0
 10000     0 10000 10000 10000 10000 10000 10000 10000 10000 10000  3533
 10000 10000 10000 10000  6660 10000 10000 10000     0  9095  9994 10000
 10000 10000 10000 10000  1030   533     0 10000 10000 10000 10000 10000
 10000 10000 10000     0 10000 10000 10000 10000 10000 10000 10000 10000
 10000  7624     0 10000     0  9589 10000 10000 10000 10000 10000 10000
 10000     0 10000 10000 10000 10000 10000 10000 10000 10000  1307     0
 10000     0 10000 10000 10000 10000 10000  3226 10000 10000 10000 10000
 10000 10000     0 10000 10000 10000 10000     0 10000 10000 10000     0
 10000 10000 10000     8     0 10000 10000 10000 10000 10000     0 10000
 10000 10000 10000 10000 10000 10000 10000 10000 10000 10000 10000 10000
     0 10000 10000 10000 10000 10000 10000 10000 10000 10000 10000 10000
     0 10000 10000 10000 10000 10000 10000 10000 10000 10000     0 10000
 10000 10000 10000 10000 10000 10000 10000 10000 10000 10000 10000 10000
 10000 10000  5461 10000 10000    90     0 10000     0 10000 10000  4007
 10000 10000 10000 10000 10000 10000  9710 10000 10000  2459 10000 10000
 10000 10000 10000 10000   910 10000 10000 10000     0 10000 10000 10000
 10000 10000 10000 10000 10000 10000 10000 10000 10000 10000 10000 10000
 10000 10000 10000 10000  3004 10000 10000 10000 10000 10000 10000     0
 10000 10000 10000 10000 10000 10000 10000 10000     0 10000 10000 10000
 10000 10000 10000 10000 10000     0 10000 10000 10000 10000 10000 10000
  1183 10000 10000 10000 10000  9957 10000 10000 10000 10000 10000 10000
 10000 10000 10000 10000 10000 10000 10000 10000 10000 10000 10000 10000
 10000 10000 10000 10000 10000 10000 10000  8278 10000 10000 10000 10000
 10000 10000 10000 10000  9978  9948 10000 10000 10000     0 10000 10000
     0 10000 10000 10000 10000 10000 10000 10000 10000 10000     0 10000
 10000 10000 10000 10000 10000 10000 10000 10000 10000 10000 10000 10000
 10000 10000 10000 10000  1581 10000     0     0 10000     0 10000 10000
    93 10000 10000 10000 10000     0 10000     0  8604 10000 10000 10000
 10000 10000 10000 10000 10000     0 10000 10000 10000  5103 10000 10000
  8588 10000 10000 10000 10000 10000 10000 10000     0 10000 10000 10000
     0 10000 10000 10000 10000 10000  9355 10000 10000 10000 10000 10000
 10000 10000  9932 10000 10000 10000  3516 10000 10000 10000 10000 10000
    73   418 10000 10000  1374 10000 10000 10000     0 10000 10000 10000
 10000 10000 10000 10000     0   523 10000 10000 10000 10000 10000 10000
 10000 10000 10000 10000 10000 10000 10000 10000  6570     0  2890     0
 10000 10000 10000 10000 10000 10000 10000  1524     0 10000     0 10000
 10000 10000 10000 10000 10000 10000 10000  6376 10000 10000 10000 10000
     0 10000 10000 10000 10000 10000 10000     0 10000   338 10000 10000
 10000     0  1595 10000 10000 10000 10000 10000 10000 10000 10000 10000
 10000 10000 10000 10000 10000 10000 10000     0 10000 10000  4433 10000
 10000 10000 10000 10000   865   384     0 10000     0     0 10000 10000
 10000 10000 10000 10000 10000 10000 10000 10000 10000     0 10000     0
 10000 10000 10000     0 10000 10000 10000 10000 10000 10000 10000 10000
  7308 10000 10000     0 10000 10000 10000 10000 10000 10000 10000 10000
 10000  8487     0 10000 10000 10000 10000 10000     0 10000  6971 10000
 10000 10000 10000     0 10000 10000 10000 10000 10000  5238 10000 10000
 10000 10000 10000     0 10000 10000 10000 10000 10000 10000 10000 10000
 10000 10000 10000     0 10000 10000     0 10000     0 10000     0 10000
 10000 10000 10000 10000 10000 10000 10000 10000   655 10000  9797 10000
     0 10000 10000 10000     0 10000 10000 10000 10000  1781 10000 10000
 10000 10000 10000 10000 10000 10000 10000 10000 10000 10000 10000 10000
 10000 10000     0 10000 10000 10000 10000 10000 10000 10000 10000 10000
 10000 10000 10000 10000 10000     0 10000 10000  8867  5017 10000 10000
 10000 10000 10000 10000 10000  9650 10000 10000 10000 10000 10000 10000
 10000 10000 10000 10000 10000 10000 10000 10000 10000 10000 10000 10000
     0 10000  1763 10000     0     0 10000 10000 10000 10000 10000 10000
 10000 10000 10000 10000 10000 10000     0 10000 10000 10000 10000 10000
 10000  9813     0 10000 10000 10000 10000 10000 10000 10000 10000 10000
 10000     0 10000 10000 10000 10000 10000 10000  5678 10000 10000 10000
 10000  4382 10000 10000     0 10000 10000 10000 10000     0 10000 10000
 10000 10000 10000     0     0 10000 10000 10000 10000 10000 10000 10000
     0     0 10000 10000 10000 10000 10000 10000 10000 10000     0 10000
 10000 10000 10000 10000 10000 10000 10000     0     0 10000 10000 10000
 10000 10000 10000 10000     0 10000 10000 10000 10000 10000  2615 10000
 10000 10000 10000 10000 10000 10000 10000 10000 10000 10000 10000     0
 10000 10000 10000 10000 10000     0 10000 10000 10000 10000 10000 10000
     0 10000  2005 10000 10000 10000 10000 10000 10000 10000 10000 10000
 10000 10000     0 10000 10000     0  3371 10000   494  2467 10000 10000
 10000 10000 10000  2430 10000 10000 10000 10000 10000 10000 10000 10000
  9548 10000 10000 10000   182 10000 10000 10000 10000 10000 10000 10000
     0 10000 10000 10000 10000 10000 10000 10000 10000 10000 10000  6328
 10000 10000 10000  5707 10000     0 10000 10000 10000 10000 10000 10000
 10000 10000 10000 10000 10000 10000 10000 10000 10000 10000 10000 10000
 10000 10000 10000 10000  3538 10000 10000 10000 10000 10000 10000 10000
 10000 10000 10000 10000 10000  1462     0 10000 10000 10000  4997     0
 10000 10000 10000 10000 10000 10000 10000 10000 10000 10000 10000  5107
 10000 10000 10000   174 10000 10000 10000  2552     0 10000  1692 10000
 10000 10000 10000 10000 10000 10000 10000 10000 10000 10000 10000 10000
 10000  7781 10000 10000   292 10000 10000 10000 10000 10000 10000     0
 10000 10000 10000 10000 10000   681 10000 10000 10000 10000 10000 10000
 10000 10000     0 10000 10000     0 10000 10000 10000 10000 10000 10000
 10000 10000 10000 10000 10000 10000 10000 10000 10000 10000 10000 10000
 10000 10000 10000     0  9739 10000     0   272 10000 10000 10000 10000
 10000 10000 10000 10000 10000 10000 10000 10000 10000 10000 10000 10000
 10000 10000 10000 10000     0     0 10000 10000 10000  7750 10000 10000
 10000     0 10000 10000 10000 10000 10000  9993 10000 10000 10000 10000
 10000 10000 10000     0  6268 10000 10000  9985 10000 10000 10000 10000
 10000     0 10000 10000 10000 10000 10000 10000 10000 10000 10000 10000
     0 10000     0 10000 10000  9996 10000 10000 10000  3218 10000 10000
 10000 10000 10000 10000 10000 10000 10000 10000 10000 10000 10000 10000
 10000 10000 10000 10000 10000  7834 10000  8565 10000 10000 10000 10000
 10000 10000 10000 10000 10000  1161 10000 10000 10000 10000 10000 10000
 10000 10000 10000 10000 10000  1675 10000 10000 10000 10000     0     0
 10000 10000 10000 10000 10000 10000 10000  2543 10000 10000 10000     0
 10000     0 10000 10000 10000 10000 10000 10000 10000 10000 10000 10000
 10000 10000 10000 10000     0 10000 10000 10000 10000 10000     0 10000
 10000 10000 10000 10000 10000 10000 10000     0 10000 10000     0 10000
 10000 10000 10000 10000     0 10000 10000 10000 10000 10000     0 10000
  9134 10000     0     0 10000 10000  5263 10000 10000   830 10000  2439
 10000 10000 10000 10000 10000 10000 10000 10000  2089 10000 10000 10000
 10000 10000 10000 10000 10000 10000 10000 10000 10000 10000 10000 10000
 10000 10000 10000     0 10000     0 10000     0 10000 10000 10000     0
 10000 10000 10000 10000 10000     0     0 10000  9339 10000 10000 10000
 10000 10000  9872 10000 10000 10000 10000 10000   339 10000 10000 10000
 10000 10000 10000  9339 10000  9493 10000 10000 10000 10000 10000     0
 10000 10000 10000  1101 10000 10000 10000  9989 10000 10000     0  8356
   675 10000 10000  8381 10000   656  8850     4 10000 10000 10000 10000
 10000 10000     0 10000 10000 10000 10000 10000 10000 10000 10000 10000
 10000 10000 10000 10000 10000 10000    15 10000 10000     0 10000 10000
 10000 10000 10000  8446 10000 10000  8084 10000 10000 10000 10000 10000
 10000     0     0 10000 10000     0 10000     0 10000 10000 10000 10000
     0 10000 10000 10000 10000 10000 10000 10000 10000 10000 10000 10000
 10000 10000 10000 10000 10000 10000 10000 10000 10000 10000 10000  1703
 10000 10000 10000 10000 10000 10000 10000 10000 10000 10000     0 10000
 10000 10000 10000     0 10000 10000 10000 10000 10000 10000 10000 10000
 10000     0 10000 10000     4 10000 10000 10000 10000 10000 10000 10000
 10000     0 10000 10000 10000 10000 10000 10000 10000 10000 10000  8641
 10000 10000 10000  3015 10000  9344 10000 10000  4454 10000 10000 10000
 10000     0 10000 10000 10000 10000 10000 10000 10000 10000 10000 10000
 10000 10000     0     0     0 10000 10000 10000 10000 10000 10000 10000
 10000 10000     0 10000 10000 10000 10000 10000 10000 10000 10000 10000
 10000 10000 10000 10000 10000     0 10000 10000 10000 10000 10000 10000
 10000 10000 10000 10000 10000 10000 10000  8570 10000 10000 10000 10000
 10000 10000 10000  5610 10000 10000 10000 10000 10000 10000 10000 10000
 10000 10000 10000 10000 10000 10000 10000 10000 10000 10000 10000 10000
 10000 10000 10000     0 10000 10000 10000     0  2596 10000     0 10000
 10000 10000     0     0 10000 10000 10000 10000 10000 10000 10000 10000
 10000  8290 10000 10000 10000 10000 10000 10000 10000 10000 10000 10000
 10000  9586 10000 10000 10000 10000 10000 10000 10000 10000 10000  2183
 10000 10000 10000     0   980 10000 10000     0 10000 10000 10000 10000
  8803 10000     0 10000 10000 10000 10000 10000 10000 10000 10000 10000
     0 10000 10000 10000 10000 10000 10000 10000 10000 10000 10000 10000
 10000 10000 10000 10000 10000 10000 10000 10000 10000 10000 10000 10000
     7 10000 10000 10000 10000 10000 10000  2703  2201 10000 10000 10000
 10000 10000 10000     0 10000 10000 10000 10000 10000 10000     0 10000
 10000 10000 10000     0  1184 10000 10000 10000 10000 10000 10000 10000
 10000 10000 10000     0  9993 10000 10000  6261 10000 10000 10000 10000
 10000 10000 10000 10000     0 10000 10000 10000 10000 10000 10000 10000
 10000 10000 10000 10000 10000 10000  7486 10000 10000 10000 10000 10000
 10000 10000 10000     0 10000 10000 10000 10000 10000 10000 10000 10000
  3077 10000 10000     0     0 10000     0 10000 10000   779 10000 10000
 10000 10000 10000 10000 10000 10000 10000 10000 10000 10000 10000 10000
     0 10000 10000 10000  8266 10000 10000 10000 10000 10000 10000 10000
 10000 10000     0 10000 10000 10000 10000 10000 10000 10000 10000 10000
 10000     0 10000 10000 10000     0 10000 10000     0 10000 10000 10000
 10000 10000 10000 10000     0 10000 10000    16 10000 10000 10000 10000
 10000 10000 10000 10000 10000  6493  8958 10000     0 10000   677 10000
 10000 10000 10000 10000 10000 10000  2766 10000 10000 10000 10000 10000
 10000  9134 10000 10000 10000 10000 10000 10000 10000 10000 10000 10000
 10000 10000 10000 10000 10000 10000 10000 10000 10000 10000 10000 10000
 10000 10000 10000 10000 10000 10000  4463 10000 10000 10000 10000 10000
 10000 10000 10000   555 10000     0 10000 10000  8385 10000 10000     0
 10000 10000 10000  2875     0 10000 10000 10000 10000 10000 10000 10000
 10000     0 10000 10000 10000 10000 10000 10000 10000 10000     2 10000
 10000 10000 10000 10000 10000  7145     0 10000 10000 10000 10000 10000
     0 10000 10000 10000 10000 10000 10000  6867 10000 10000 10000 10000
  3280     0 10000 10000 10000 10000 10000 10000 10000 10000 10000 10000
 10000 10000     0 10000 10000 10000 10000 10000 10000 10000 10000 10000
 10000 10000     0     0 10000 10000 10000 10000     0 10000     0 10000
 10000 10000 10000 10000     0 10000 10000 10000 10000 10000 10000 10000
 10000 10000 10000 10000 10000     0 10000 10000 10000 10000 10000 10000
 10000 10000 10000 10000 10000 10000 10000     0 10000 10000 10000 10000
 10000 10000 10000 10000 10000  6087 10000 10000 10000 10000 10000 10000
 10000 10000 10000 10000     0 10000 10000 10000 10000 10000 10000 10000
 10000 10000 10000     0  6310 10000 10000 10000     0     0  9947 10000
     0 10000     0 10000 10000 10000 10000 10000     0 10000 10000 10000
  9431 10000 10000 10000 10000 10000 10000 10000 10000  6267 10000    27
 10000 10000 10000 10000 10000 10000 10000 10000 10000 10000 10000 10000
 10000     0     0 10000 10000 10000     0 10000 10000 10000 10000 10000
 10000 10000 10000 10000     0 10000 10000     0 10000 10000     0 10000
 10000 10000 10000 10000 10000 10000 10000 10000     0 10000 10000 10000
 10000 10000 10000 10000     0 10000 10000 10000   210 10000 10000 10000
 10000     0 10000   384 10000 10000 10000 10000     0 10000 10000 10000
 10000 10000 10000 10000 10000 10000 10000 10000 10000 10000 10000 10000
 10000 10000 10000 10000 10000  5817 10000 10000 10000  3286 10000 10000
 10000 10000 10000 10000 10000 10000 10000 10000   114 10000 10000    86
     0 10000 10000 10000 10000 10000 10000 10000     0     0 10000 10000
 10000    93 10000 10000 10000 10000 10000 10000 10000 10000 10000 10000
 10000 10000 10000 10000 10000 10000 10000 10000 10000 10000 10000 10000
  2717 10000 10000 10000     0 10000     0 10000 10000 10000  2461 10000
 10000 10000 10000 10000 10000  2466 10000 10000 10000 10000 10000 10000
 10000     0 10000 10000 10000 10000  1277 10000 10000  5746 10000 10000
 10000 10000 10000 10000 10000 10000 10000 10000 10000 10000     0 10000
 10000 10000     0 10000 10000 10000 10000 10000 10000 10000     0 10000
 10000 10000 10000 10000 10000 10000 10000 10000 10000     0 10000 10000
  3145  4021 10000 10000 10000 10000 10000 10000 10000 10000 10000 10000
 10000     0 10000 10000 10000 10000 10000 10000 10000 10000 10000 10000
 10000 10000  1206 10000 10000 10000 10000     0 10000  9858 10000 10000
 10000 10000 10000 10000 10000 10000 10000 10000 10000    24     0 10000
     0    89 10000 10000 10000 10000 10000 10000 10000 10000 10000 10000
 10000 10000 10000 10000 10000 10000 10000 10000 10000  5408 10000 10000
 10000 10000 10000 10000 10000 10000 10000 10000 10000 10000 10000 10000
 10000 10000 10000 10000   633 10000 10000 10000 10000 10000 10000 10000
     0 10000 10000 10000 10000     0 10000 10000  9971 10000 10000 10000
 10000 10000 10000 10000 10000 10000     0     0 10000 10000 10000 10000
 10000 10000  8303     0 10000 10000     0 10000 10000 10000 10000 10000
 10000 10000 10000 10000     0 10000 10000 10000 10000 10000 10000 10000
 10000 10000 10000 10000 10000 10000 10000 10000     0 10000 10000  5321
     0 10000     0 10000 10000 10000 10000 10000 10000     0 10000 10000
 10000 10000     0 10000  5968 10000 10000 10000 10000 10000 10000 10000
 10000     0 10000 10000 10000 10000 10000 10000 10000 10000 10000 10000
 10000 10000 10000     0 10000 10000 10000 10000 10000 10000 10000 10000
 10000  5800 10000 10000 10000  2997 10000 10000 10000 10000 10000 10000
     0 10000 10000 10000 10000     0 10000  3884 10000 10000 10000 10000
 10000 10000     0 10000 10000 10000 10000 10000 10000 10000 10000 10000
     0 10000 10000 10000  9852 10000 10000 10000 10000     0 10000 10000
 10000 10000 10000 10000 10000     0 10000 10000 10000  8309 10000 10000
 10000 10000  9983    33 10000 10000 10000 10000 10000 10000 10000 10000
 10000 10000 10000 10000 10000 10000 10000 10000 10000 10000 10000 10000
 10000 10000 10000 10000 10000 10000 10000 10000 10000 10000  7306 10000
 10000 10000 10000 10000 10000 10000 10000 10000     0 10000 10000 10000
 10000 10000 10000  3397 10000     0   100 10000     0 10000 10000  1065
 10000  7604 10000 10000  7919   780 10000 10000 10000  9998 10000 10000
 10000     0 10000     0     0 10000 10000 10000 10000 10000 10000     0
 10000     0 10000 10000 10000 10000 10000 10000 10000 10000 10000 10000
 10000 10000 10000 10000 10000 10000 10000 10000     0 10000 10000  9631
     0 10000 10000 10000 10000 10000 10000 10000 10000     0 10000 10000
     0 10000     0 10000 10000 10000 10000     0     0 10000 10000  9891
 10000 10000 10000 10000 10000 10000 10000 10000 10000  8502 10000 10000
  3966 10000 10000 10000 10000 10000     0     0 10000     0 10000 10000
     0     0 10000 10000 10000  6990 10000 10000 10000 10000 10000 10000
 10000 10000  9812 10000 10000 10000     0 10000 10000 10000 10000 10000
 10000 10000 10000 10000  3042  4270 10000 10000 10000 10000  8065 10000
 10000 10000 10000 10000 10000   241   249     0 10000     0 10000 10000
 10000     0 10000 10000 10000     0     0 10000 10000 10000 10000 10000
     0 10000 10000 10000 10000 10000 10000 10000 10000  2721 10000   774
 10000 10000 10000 10000 10000     0 10000 10000 10000 10000 10000 10000
 10000 10000 10000 10000 10000 10000 10000 10000 10000 10000 10000 10000
 10000 10000 10000 10000 10000  1420 10000 10000 10000 10000 10000 10000
 10000 10000 10000 10000 10000 10000 10000 10000 10000     0 10000 10000
 10000 10000 10000 10000 10000 10000 10000 10000 10000 10000 10000     0
 10000 10000 10000 10000     0 10000 10000 10000 10000 10000 10000 10000
     0 10000 10000 10000 10000 10000 10000 10000 10000 10000 10000     0
 10000 10000 10000 10000 10000 10000 10000 10000 10000     0 10000     0
 10000     0 10000 10000 10000 10000     0 10000 10000 10000 10000 10000
     0  9208 10000 10000  2367 10000 10000 10000 10000 10000 10000 10000
 10000 10000     0     0 10000 10000 10000 10000 10000  9062 10000     0
     0 10000 10000 10000 10000 10000 10000 10000     0     0 10000 10000
 10000 10000 10000 10000 10000 10000 10000  7937 10000 10000 10000 10000
 10000 10000 10000 10000 10000 10000 10000  9278 10000 10000     0 10000
 10000 10000 10000     0 10000 10000 10000 10000 10000 10000 10000 10000
 10000  1098 10000 10000 10000 10000 10000 10000 10000 10000 10000 10000
 10000 10000 10000 10000 10000 10000 10000 10000     0     0     0     0
 10000 10000     0 10000  9048     0     0 10000 10000 10000 10000 10000
 10000     0 10000 10000 10000 10000 10000 10000 10000 10000 10000  1374
 10000     0 10000 10000     0  2598   109 10000 10000 10000 10000 10000
     0 10000 10000     0 10000 10000 10000 10000 10000 10000 10000 10000
 10000 10000     0 10000  7659 10000 10000 10000 10000 10000 10000 10000
 10000 10000 10000 10000 10000 10000 10000 10000 10000 10000 10000     0
 10000 10000 10000  3433 10000 10000 10000 10000 10000 10000 10000 10000
 10000 10000 10000 10000 10000 10000 10000 10000 10000 10000 10000 10000
 10000 10000 10000 10000 10000 10000     0 10000 10000  9288  2405 10000
  8199 10000 10000 10000 10000  3324 10000 10000 10000 10000 10000 10000
 10000 10000 10000 10000 10000 10000 10000 10000 10000 10000 10000 10000
     0 10000 10000 10000 10000 10000 10000 10000 10000 10000 10000    11
 10000 10000 10000 10000   838 10000 10000 10000 10000 10000 10000 10000
 10000 10000     0 10000 10000   857 10000     0 10000 10000 10000 10000
 10000 10000 10000 10000 10000 10000 10000 10000 10000 10000 10000 10000
 10000 10000 10000  4314 10000 10000 10000   258 10000 10000 10000 10000
 10000 10000 10000 10000 10000 10000 10000 10000 10000   984     0 10000
 10000 10000  9343     0 10000     0 10000 10000     0 10000 10000 10000
 10000 10000 10000 10000  1084 10000 10000 10000 10000  8860 10000  5437
     0 10000     0  1684 10000 10000     0 10000 10000 10000 10000 10000
     0     0 10000 10000 10000 10000 10000 10000 10000 10000 10000 10000
 10000 10000 10000 10000 10000 10000 10000 10000 10000 10000 10000  6927
  1099 10000     0 10000 10000 10000 10000 10000 10000  5297 10000 10000
     0 10000 10000 10000 10000     0 10000 10000 10000 10000 10000 10000
 10000 10000 10000     0     0 10000 10000 10000 10000 10000     0   116
 10000 10000 10000 10000 10000 10000 10000 10000 10000     0 10000 10000
 10000 10000 10000 10000 10000 10000 10000 10000 10000     0 10000 10000
 10000 10000 10000 10000 10000   803 10000 10000 10000 10000 10000 10000
 10000 10000 10000     0 10000 10000 10000 10000 10000  8230 10000 10000
 10000 10000     0     0 10000 10000  7745     0 10000 10000 10000     0
 10000 10000  2404 10000 10000 10000 10000 10000 10000 10000 10000 10000
 10000 10000 10000 10000 10000 10000 10000 10000 10000 10000 10000 10000
 10000 10000 10000 10000 10000 10000 10000 10000 10000 10000 10000 10000
 10000 10000 10000 10000 10000 10000 10000     0 10000     0 10000 10000
 10000 10000 10000     0 10000     0 10000     0 10000 10000 10000 10000
 10000 10000  9994 10000 10000 10000 10000 10000 10000 10000 10000 10000
 10000  1273 10000 10000 10000 10000 10000 10000 10000 10000 10000 10000
 10000 10000 10000 10000 10000 10000 10000 10000  5991 10000     0 10000
 10000 10000 10000     0 10000     0 10000 10000 10000 10000 10000  5894
 10000 10000 10000     0 10000  9974 10000     0 10000 10000   649   496
 10000     0 10000 10000 10000 10000 10000 10000 10000  9983     0 10000
 10000 10000 10000     0 10000 10000 10000 10000 10000     0 10000 10000
 10000     0 10000 10000 10000 10000  5091 10000 10000  2766 10000 10000
 10000     0 10000 10000 10000 10000 10000 10000 10000 10000 10000 10000
 10000 10000 10000 10000 10000 10000 10000 10000 10000     0     0 10000
 10000 10000 10000 10000 10000 10000 10000 10000     0 10000 10000 10000
 10000 10000 10000 10000  9999 10000 10000 10000 10000  7160 10000 10000
  9980 10000 10000  8620 10000 10000 10000 10000 10000 10000  8283 10000
 10000     0 10000     0 10000 10000 10000 10000 10000  9655 10000 10000
 10000 10000 10000 10000  5913 10000  8896 10000 10000 10000 10000 10000
     0 10000 10000 10000  2302 10000 10000 10000  8012     0 10000 10000
 10000 10000     0 10000 10000 10000 10000 10000 10000 10000     0 10000
 10000 10000 10000 10000 10000  3584 10000 10000     0 10000 10000 10000
 10000 10000     0 10000 10000 10000 10000 10000 10000 10000 10000 10000
 10000  7596 10000 10000     0 10000  9963 10000 10000 10000 10000 10000
 10000 10000 10000 10000 10000 10000 10000     0 10000 10000 10000 10000
 10000 10000 10000 10000 10000 10000 10000 10000 10000 10000     0 10000
 10000 10000 10000 10000 10000 10000 10000 10000 10000     0     0 10000
 10000 10000 10000 10000 10000 10000 10000 10000  1362 10000 10000 10000
 10000 10000 10000 10000 10000 10000 10000 10000 10000 10000 10000 10000
  1311 10000 10000 10000 10000     0 10000 10000     0 10000 10000 10000
 10000  8065 10000 10000 10000 10000 10000 10000 10000 10000 10000     0
 10000 10000     0 10000 10000 10000 10000 10000     0     0  2753 10000
 10000     0     0 10000 10000 10000 10000 10000     0     0 10000 10000
 10000     0 10000 10000     0 10000 10000 10000 10000 10000 10000 10000
 10000     0     0 10000 10000 10000 10000 10000 10000 10000 10000 10000
 10000     0 10000  6743 10000 10000 10000 10000 10000 10000 10000     0
 10000 10000 10000 10000 10000 10000 10000     0 10000 10000  1951     0
 10000 10000  1312 10000 10000 10000 10000     0 10000 10000     0     0
 10000 10000  9674     0 10000     0 10000 10000 10000 10000 10000 10000
 10000     0 10000 10000 10000 10000 10000 10000 10000  3584 10000 10000
 10000 10000 10000     0 10000  7621     0 10000 10000 10000 10000 10000
 10000 10000 10000 10000 10000  7341 10000     0 10000 10000 10000 10000
 10000 10000 10000 10000 10000     0     0 10000 10000 10000 10000 10000
 10000 10000 10000 10000 10000 10000    70 10000 10000 10000 10000     0
 10000 10000 10000     0 10000 10000 10000 10000  2164 10000 10000 10000
  1062     0 10000 10000 10000 10000 10000 10000 10000 10000  7979 10000
 10000 10000 10000  9988  8004 10000 10000 10000 10000 10000 10000 10000
 10000 10000 10000 10000     0 10000 10000 10000 10000  6873 10000 10000
 10000 10000 10000 10000     0  8554 10000     0  7667 10000 10000     0
 10000 10000 10000 10000 10000 10000     0 10000  9994 10000 10000 10000
 10000 10000     0 10000 10000 10000     0 10000 10000 10000 10000 10000
  9993 10000 10000 10000 10000 10000 10000 10000 10000 10000 10000 10000
 10000 10000 10000 10000 10000 10000 10000 10000 10000 10000 10000 10000
 10000 10000 10000 10000     0 10000 10000 10000 10000 10000 10000  2595
 10000 10000 10000 10000 10000 10000 10000 10000 10000     0 10000 10000
 10000 10000 10000 10000    86 10000 10000 10000     0 10000   832 10000
 10000 10000 10000 10000   306 10000 10000 10000  9843 10000     0 10000
 10000 10000 10000     0    66 10000 10000 10000 10000     0     0 10000
 10000 10000 10000 10000 10000 10000 10000  9978 10000 10000     0 10000
 10000 10000 10000 10000 10000 10000 10000 10000 10000 10000 10000 10000
 10000 10000 10000 10000   128 10000 10000 10000 10000 10000 10000 10000
 10000  6831 10000  8752 10000 10000 10000 10000 10000 10000 10000     0
 10000 10000 10000 10000 10000 10000 10000 10000 10000 10000 10000 10000
 10000  7481 10000 10000 10000  9977 10000 10000 10000 10000 10000 10000
  1387 10000 10000 10000 10000 10000 10000 10000     0 10000 10000 10000
 10000 10000 10000 10000 10000 10000     0 10000 10000 10000     0 10000
  1891 10000 10000 10000   843 10000 10000 10000  3814     0     0 10000
 10000  8051 10000 10000 10000 10000 10000     0 10000 10000  7179 10000
  9878 10000 10000     0 10000 10000 10000 10000 10000     0 10000 10000
 10000 10000 10000 10000 10000 10000 10000 10000 10000 10000 10000 10000
 10000 10000 10000 10000 10000 10000     0  9566 10000 10000 10000 10000
 10000 10000     0 10000 10000 10000 10000 10000 10000 10000 10000     0
 10000 10000 10000 10000     0 10000 10000 10000 10000 10000 10000 10000
 10000  1471 10000 10000 10000 10000 10000 10000 10000 10000     0 10000
 10000 10000 10000 10000     0 10000     0 10000 10000 10000  8502     0
 10000 10000 10000 10000 10000 10000     0 10000 10000 10000 10000 10000
 10000 10000 10000 10000  2877 10000 10000 10000 10000 10000 10000 10000
 10000 10000 10000 10000 10000 10000 10000 10000 10000     0  7159 10000
 10000 10000 10000 10000     0     0 10000     0 10000 10000 10000 10000
 10000 10000 10000 10000 10000 10000 10000 10000 10000 10000 10000 10000
 10000 10000 10000 10000 10000     0 10000 10000 10000 10000 10000 10000
 10000 10000 10000 10000 10000 10000 10000 10000 10000 10000 10000 10000
 10000 10000     0 10000 10000 10000     0  9263 10000 10000     0 10000
 10000 10000 10000 10000     0 10000 10000 10000  5354 10000 10000  4973
 10000 10000 10000 10000 10000 10000 10000 10000 10000     0 10000 10000
     0 10000 10000 10000 10000 10000     0 10000 10000 10000 10000 10000
 10000  9135 10000 10000 10000 10000 10000 10000 10000     0 10000 10000
 10000  2283 10000 10000     0 10000 10000 10000 10000 10000 10000 10000
 10000  7479 10000 10000 10000 10000 10000 10000 10000   801 10000 10000
 10000 10000 10000     0 10000     0 10000 10000 10000 10000 10000     0
 10000 10000 10000 10000 10000     0 10000 10000  6684 10000 10000 10000
 10000 10000 10000   833 10000 10000 10000 10000 10000 10000     0 10000
 10000 10000 10000 10000 10000 10000 10000 10000 10000 10000     0 10000
 10000 10000 10000 10000     0 10000 10000 10000 10000 10000 10000 10000
 10000 10000 10000 10000 10000 10000     0 10000 10000 10000 10000     0
 10000     0 10000 10000 10000 10000 10000 10000     0 10000 10000 10000
 10000 10000 10000     0 10000 10000 10000 10000 10000 10000     0 10000
 10000 10000  9804  7081     0  9984 10000 10000 10000 10000 10000 10000
  2236 10000 10000 10000  6785 10000 10000 10000 10000     0 10000 10000
 10000 10000 10000 10000 10000 10000 10000     0 10000 10000 10000 10000
     0 10000 10000  4389 10000 10000 10000     0  2867 10000 10000 10000
 10000 10000 10000     0 10000 10000 10000 10000 10000 10000 10000   636
 10000 10000     0 10000 10000  9846 10000 10000 10000 10000 10000 10000
 10000 10000 10000 10000 10000 10000 10000 10000 10000 10000 10000  8380
 10000 10000     0   763 10000 10000 10000 10000     0 10000 10000 10000
 10000 10000 10000 10000 10000 10000 10000 10000     0 10000 10000 10000
 10000 10000 10000 10000 10000 10000 10000 10000 10000 10000     0 10000
 10000 10000 10000 10000 10000     0 10000 10000 10000 10000 10000  3498
     0 10000 10000 10000 10000 10000 10000 10000 10000 10000 10000 10000
  8949 10000     0 10000   113 10000  7957 10000 10000 10000 10000 10000
 10000  8580 10000 10000     0 10000 10000 10000     0  3449 10000 10000
     0 10000 10000 10000     0 10000 10000 10000     0 10000 10000 10000
 10000 10000 10000     0     0 10000     0 10000 10000 10000 10000     0
 10000 10000 10000     0     0     0 10000  1595 10000 10000 10000 10000
 10000 10000 10000 10000     0 10000     0 10000 10000 10000 10000     0
 10000  5527     0 10000 10000  5401     0 10000 10000  5323 10000 10000
 10000 10000 10000     0 10000 10000     0 10000 10000  2677 10000 10000
 10000  7607 10000 10000  9977 10000     0 10000 10000 10000 10000 10000
     0     0 10000     0 10000     0 10000 10000 10000 10000 10000 10000
 10000 10000 10000 10000 10000 10000 10000 10000 10000 10000 10000 10000
  1109 10000 10000 10000 10000 10000 10000     0 10000 10000 10000 10000
   944 10000 10000 10000 10000 10000 10000 10000 10000 10000 10000 10000
 10000 10000     0 10000 10000 10000 10000 10000 10000 10000 10000 10000
 10000 10000     0 10000 10000 10000 10000  6170 10000 10000 10000 10000
 10000 10000 10000 10000     0   176 10000 10000 10000  1009 10000 10000
 10000 10000 10000 10000 10000 10000 10000 10000 10000 10000 10000 10000
 10000 10000 10000 10000 10000 10000 10000 10000 10000 10000 10000 10000
 10000 10000  9840 10000 10000 10000 10000 10000 10000 10000     0  3501
     0 10000 10000    28 10000 10000 10000 10000     0 10000 10000 10000
     0 10000 10000 10000 10000 10000 10000 10000 10000 10000 10000  9612
 10000 10000 10000 10000 10000     0 10000 10000 10000     0 10000 10000
    55 10000 10000 10000 10000 10000  2263 10000 10000 10000     0 10000
 10000 10000 10000 10000 10000 10000 10000 10000 10000 10000     0  2185
     0 10000 10000 10000 10000 10000 10000 10000 10000 10000 10000 10000
 10000 10000 10000 10000 10000 10000 10000 10000 10000 10000 10000     0
 10000 10000 10000 10000 10000 10000 10000     0 10000     0 10000 10000
 10000 10000 10000 10000     0 10000 10000 10000 10000 10000 10000 10000
     0 10000 10000 10000 10000 10000 10000 10000 10000 10000 10000 10000
 10000 10000 10000 10000 10000     0 10000 10000 10000 10000 10000  7346
 10000 10000     0 10000  9994 10000 10000 10000 10000     0 10000 10000
 10000 10000 10000 10000 10000 10000 10000 10000     0 10000 10000 10000
  2181  4984  1275 10000 10000 10000 10000 10000 10000 10000 10000 10000
 10000 10000 10000 10000 10000 10000 10000 10000 10000 10000     0     0
  7091 10000 10000 10000     0 10000 10000 10000 10000 10000 10000 10000
 10000 10000 10000 10000 10000  9882 10000  9988 10000 10000 10000  2068
 10000 10000    24 10000 10000 10000 10000 10000 10000 10000 10000 10000
 10000 10000     0 10000 10000 10000 10000     0     0 10000 10000     0
 10000 10000 10000 10000 10000 10000 10000 10000     0 10000     0 10000
 10000 10000 10000 10000 10000 10000 10000     0 10000 10000 10000     0
 10000 10000 10000 10000 10000 10000 10000 10000 10000     0 10000 10000
 10000 10000 10000 10000 10000 10000     0    91 10000 10000 10000 10000
 10000 10000 10000 10000 10000 10000 10000  9707 10000 10000 10000 10000
 10000 10000     0 10000 10000     0   302 10000 10000 10000 10000   706
 10000 10000 10000     0  6395 10000     0 10000 10000 10000 10000 10000
 10000 10000 10000  9857     0 10000 10000 10000 10000  2918 10000 10000
 10000 10000     0 10000 10000 10000 10000 10000 10000 10000 10000 10000
 10000 10000 10000 10000 10000 10000 10000 10000  2074     0 10000 10000
 10000 10000     0 10000 10000 10000 10000 10000 10000 10000 10000 10000
 10000 10000 10000 10000 10000 10000 10000 10000 10000     0 10000     0
 10000 10000 10000 10000     0 10000 10000 10000 10000 10000 10000 10000
 10000 10000 10000 10000 10000 10000 10000 10000 10000 10000 10000 10000
 10000  9828 10000  9651 10000     0 10000 10000 10000 10000  5359 10000
 10000     0 10000 10000 10000 10000  9193 10000 10000 10000 10000 10000
 10000    28 10000 10000 10000 10000 10000 10000     0 10000 10000 10000
  9526 10000  5199 10000    38 10000 10000 10000 10000 10000     0 10000
     0 10000 10000   589 10000 10000     0 10000     7 10000 10000 10000
     0 10000  8246 10000 10000 10000 10000 10000  9708 10000 10000 10000
 10000 10000 10000 10000 10000 10000 10000 10000 10000 10000 10000 10000
 10000 10000 10000 10000     0     0 10000 10000  2434 10000 10000 10000
 10000 10000 10000     0 10000 10000 10000 10000 10000     0 10000 10000
 10000 10000 10000 10000 10000 10000     0 10000 10000     0 10000 10000
 10000 10000 10000 10000 10000 10000 10000  4878 10000 10000 10000 10000
 10000 10000 10000     0 10000 10000 10000  9450 10000 10000 10000  7480
 10000 10000 10000 10000     0 10000 10000 10000 10000     0 10000 10000
   581 10000 10000 10000 10000 10000     0 10000 10000 10000 10000 10000
 10000 10000 10000 10000 10000 10000 10000 10000 10000  1770 10000     0
 10000 10000 10000 10000 10000 10000 10000 10000     0 10000     0 10000
 10000     0 10000     0 10000     0 10000 10000 10000 10000 10000 10000
 10000 10000 10000 10000 10000 10000 10000 10000 10000 10000  4876 10000
 10000 10000 10000 10000 10000 10000 10000 10000 10000 10000 10000     0
 10000 10000 10000 10000     0 10000     2 10000 10000 10000     0 10000
 10000 10000 10000     0 10000 10000 10000 10000 10000 10000 10000     0
 10000 10000     0 10000 10000 10000 10000 10000 10000 10000 10000 10000
  9808 10000 10000 10000     0 10000 10000 10000 10000 10000 10000 10000
 10000 10000 10000     0 10000 10000 10000 10000 10000 10000 10000 10000
 10000 10000 10000     0 10000 10000 10000 10000 10000     0 10000 10000
 10000 10000 10000 10000 10000 10000 10000 10000 10000 10000  7071 10000
 10000 10000 10000     0 10000 10000 10000 10000     0     0 10000 10000
 10000 10000 10000 10000 10000 10000 10000  4047 10000 10000 10000 10000
     0 10000 10000 10000 10000 10000 10000 10000 10000     0     0  9995
 10000 10000 10000 10000     0 10000 10000 10000 10000 10000 10000 10000
 10000  9911 10000 10000 10000 10000 10000  4191 10000     0 10000 10000
 10000 10000 10000   115 10000    64 10000 10000     0 10000 10000    92
 10000     0 10000 10000 10000 10000 10000     0 10000 10000 10000 10000
 10000 10000  9987     8 10000 10000 10000     0  8675 10000 10000 10000
 10000 10000 10000  1180 10000 10000 10000     0 10000     0 10000 10000
 10000 10000     0 10000 10000 10000 10000 10000 10000   763 10000     0
 10000 10000 10000 10000 10000 10000 10000 10000 10000 10000 10000 10000
     0 10000     0 10000 10000 10000 10000 10000 10000     0 10000 10000
 10000 10000 10000 10000 10000 10000 10000 10000 10000 10000 10000 10000
 10000 10000 10000 10000 10000  2780 10000 10000     0 10000 10000 10000
 10000 10000 10000 10000 10000 10000 10000 10000 10000 10000 10000 10000
 10000 10000  2009 10000 10000 10000 10000 10000 10000 10000 10000 10000
 10000 10000 10000 10000 10000 10000  9595 10000 10000 10000 10000 10000
 10000 10000 10000 10000 10000 10000 10000 10000     0     0 10000     0
 10000 10000  2867     0 10000 10000 10000 10000 10000 10000     0 10000
 10000 10000 10000 10000 10000 10000 10000 10000 10000 10000 10000     0
 10000 10000  2747 10000 10000 10000 10000 10000     0 10000 10000 10000
 10000 10000 10000 10000 10000 10000 10000     0 10000 10000 10000 10000
 10000 10000  4124 10000 10000 10000 10000  4027 10000 10000 10000 10000
 10000     0 10000 10000 10000 10000 10000 10000 10000 10000 10000 10000
 10000 10000 10000 10000 10000 10000 10000   126 10000 10000 10000 10000
 10000 10000 10000 10000     0 10000 10000 10000   214 10000 10000 10000
 10000 10000     0 10000  7037 10000 10000 10000 10000 10000 10000 10000
 10000 10000 10000 10000 10000 10000     0 10000 10000     0 10000     0
 10000  9846 10000 10000 10000 10000 10000 10000     0 10000 10000 10000
 10000  1180 10000 10000 10000 10000 10000 10000 10000 10000 10000 10000
 10000 10000 10000 10000 10000 10000 10000     0 10000 10000 10000     0
 10000 10000 10000 10000     0 10000 10000 10000 10000 10000 10000    25
   759 10000 10000 10000 10000 10000 10000 10000 10000 10000 10000 10000
 10000     0 10000 10000     0 10000 10000 10000     0  1405 10000 10000
 10000 10000 10000     0 10000 10000 10000 10000 10000 10000 10000 10000
 10000   203 10000 10000   325 10000 10000 10000 10000 10000     0 10000
 10000 10000 10000 10000 10000 10000 10000 10000 10000 10000     0 10000
 10000 10000  5264 10000 10000 10000 10000     0     0 10000 10000 10000
  9535 10000 10000  6467 10000 10000  6531  7587 10000 10000 10000  1148
 10000 10000  1835 10000 10000 10000 10000 10000     0 10000 10000 10000
 10000 10000 10000 10000 10000 10000 10000     0 10000     0 10000 10000
 10000  3926 10000     0 10000     0 10000     0 10000 10000 10000 10000
 10000 10000 10000     0 10000 10000 10000 10000 10000  1273 10000  9659
 10000 10000 10000 10000 10000     0 10000 10000     0 10000 10000     0
     0 10000 10000 10000  6705 10000 10000 10000 10000 10000 10000 10000
 10000 10000 10000 10000 10000     0 10000 10000 10000 10000 10000 10000
 10000 10000 10000 10000 10000 10000  5183 10000 10000 10000 10000 10000
     0 10000 10000 10000 10000 10000     0 10000  9980 10000 10000 10000
 10000 10000 10000 10000 10000 10000 10000 10000 10000 10000 10000 10000
 10000     0 10000 10000 10000     0     0 10000 10000     0 10000 10000
 10000 10000     0 10000 10000 10000 10000 10000 10000  6568 10000 10000
 10000 10000    24  5640 10000     0 10000 10000 10000     0     0 10000
 10000     0     0 10000 10000 10000 10000 10000 10000 10000 10000     0
 10000 10000 10000 10000 10000 10000 10000 10000 10000 10000 10000 10000
 10000 10000   846 10000 10000 10000 10000 10000 10000 10000 10000 10000
 10000 10000 10000 10000     0 10000 10000     0 10000     0 10000 10000
 10000 10000 10000 10000     0 10000 10000 10000 10000 10000 10000 10000
 10000     0 10000 10000     0     0 10000 10000 10000 10000     0 10000
 10000 10000 10000 10000 10000 10000 10000 10000 10000 10000 10000 10000
 10000  3748 10000 10000 10000 10000 10000     0 10000 10000 10000 10000
 10000 10000 10000     0     0 10000 10000     0 10000 10000 10000  9999
 10000 10000 10000 10000 10000 10000 10000 10000 10000     0 10000 10000
 10000     0 10000     0 10000 10000 10000 10000 10000 10000 10000 10000
   408 10000     0 10000 10000 10000 10000 10000 10000 10000 10000     0
 10000 10000 10000     0 10000 10000 10000 10000 10000 10000 10000 10000
 10000     0 10000  9974 10000 10000 10000 10000     0 10000 10000 10000
 10000 10000     0 10000 10000 10000 10000 10000 10000 10000 10000 10000
    62 10000 10000     0 10000 10000 10000     0     0 10000 10000 10000
 10000 10000 10000 10000 10000 10000  9988 10000  4053     0 10000 10000
 10000 10000 10000 10000 10000 10000 10000 10000 10000  9350 10000 10000
 10000 10000 10000 10000 10000 10000 10000 10000  9708 10000 10000 10000
 10000 10000 10000 10000 10000 10000     0 10000 10000 10000 10000 10000
     0     0 10000  4790 10000 10000 10000 10000     0 10000 10000 10000
 10000     0  9197     0 10000 10000 10000 10000 10000 10000 10000 10000
 10000 10000 10000     0 10000     0 10000 10000 10000 10000 10000 10000
 10000 10000 10000 10000 10000 10000  9918 10000 10000     0 10000 10000
 10000 10000 10000 10000 10000  4504 10000 10000 10000 10000 10000     0
 10000 10000    11 10000   803 10000 10000     0 10000 10000  8734 10000
 10000 10000 10000 10000 10000 10000 10000 10000 10000 10000 10000 10000
 10000 10000 10000 10000  1238 10000 10000 10000     0 10000  5423   100
 10000     0 10000 10000 10000     0 10000 10000 10000 10000 10000     0
  8657 10000 10000 10000 10000     0 10000 10000 10000 10000 10000 10000
     0  9059  4604 10000  6677 10000 10000     0 10000 10000 10000 10000
 10000 10000 10000 10000 10000 10000 10000 10000 10000 10000 10000 10000
 10000     0 10000 10000 10000 10000 10000 10000 10000 10000 10000     0
 10000 10000 10000 10000 10000 10000 10000 10000 10000 10000 10000 10000
 10000 10000 10000 10000 10000 10000 10000 10000 10000 10000 10000 10000
 10000 10000     0 10000 10000 10000     0 10000 10000 10000 10000 10000
 10000 10000 10000 10000 10000  7831     0 10000 10000 10000 10000 10000
 10000     0  9399  4573 10000 10000 10000 10000 10000 10000 10000 10000
 10000 10000 10000 10000 10000 10000 10000 10000 10000 10000 10000  6771
     0 10000 10000     0 10000     0 10000     0 10000 10000 10000 10000
 10000 10000 10000 10000 10000 10000 10000 10000 10000 10000 10000 10000
 10000 10000     0 10000     0     0 10000  9989 10000  1033 10000  7216
 10000 10000 10000 10000 10000 10000 10000 10000 10000 10000  4324 10000
 10000 10000     0 10000 10000 10000 10000 10000 10000 10000 10000 10000
 10000 10000 10000 10000     0 10000 10000 10000 10000     0 10000 10000
 10000 10000 10000 10000 10000 10000 10000 10000 10000     0 10000 10000
 10000     0 10000     0 10000     0 10000 10000 10000 10000 10000     0
 10000 10000 10000 10000 10000     0 10000     0 10000 10000 10000 10000
 10000 10000 10000     0 10000     0     0 10000  7328 10000 10000 10000
 10000     0 10000 10000 10000 10000     0 10000 10000 10000 10000 10000
 10000  9473     0 10000 10000 10000 10000 10000 10000     0 10000 10000
  5560 10000 10000 10000 10000 10000 10000  1856 10000 10000     0 10000
 10000 10000 10000 10000 10000 10000 10000 10000  9998 10000     0  6176
     0 10000  9995 10000 10000 10000 10000 10000 10000 10000 10000 10000
     0 10000 10000 10000 10000 10000 10000   183 10000 10000 10000 10000
   482 10000 10000 10000 10000 10000  9516     0 10000 10000 10000 10000
 10000 10000 10000     0 10000 10000 10000 10000 10000 10000 10000 10000
 10000 10000 10000 10000 10000 10000     0 10000 10000 10000 10000 10000
     0 10000 10000 10000  9681 10000 10000 10000     0 10000 10000 10000
     0 10000 10000 10000 10000  7559 10000 10000 10000     0     0 10000
 10000 10000 10000 10000 10000 10000  2716 10000 10000     0 10000 10000
 10000 10000 10000 10000 10000  5129 10000 10000 10000 10000  8457 10000
 10000     0 10000 10000 10000 10000 10000 10000 10000 10000 10000 10000
 10000 10000 10000     0     0 10000 10000 10000 10000     0 10000     0
 10000 10000 10000 10000 10000 10000 10000 10000 10000 10000 10000 10000
 10000   237 10000  4324 10000  9993 10000     0 10000     0 10000 10000
 10000 10000 10000 10000 10000 10000     0 10000 10000 10000 10000 10000
 10000 10000 10000 10000 10000 10000     0 10000 10000     0 10000 10000
 10000 10000 10000 10000 10000 10000 10000     0 10000 10000 10000   102
  8808 10000     0 10000     0 10000     0 10000 10000 10000 10000 10000
 10000 10000 10000 10000 10000 10000 10000 10000 10000     0 10000 10000
 10000 10000 10000 10000     0 10000 10000 10000 10000 10000     0 10000
 10000     0 10000 10000 10000 10000     0 10000 10000 10000 10000 10000
 10000 10000 10000  1091 10000 10000 10000 10000 10000     0 10000 10000
 10000 10000 10000 10000 10000 10000 10000 10000  8670 10000     0 10000
 10000 10000 10000 10000 10000 10000 10000 10000 10000 10000 10000  9909
 10000 10000 10000 10000 10000     0 10000 10000 10000 10000 10000 10000
 10000 10000 10000 10000 10000 10000 10000 10000 10000 10000 10000     0
 10000 10000 10000 10000 10000 10000 10000 10000 10000 10000 10000  5047
   446 10000 10000 10000 10000 10000     0 10000 10000 10000 10000 10000
  8394     0 10000 10000 10000 10000 10000 10000     0 10000 10000 10000
 10000 10000 10000 10000     0 10000 10000 10000     0     0 10000 10000
 10000 10000 10000 10000  2219  5903 10000     0  8670 10000 10000 10000
 10000 10000 10000     0 10000 10000 10000 10000 10000 10000 10000 10000
 10000 10000 10000 10000     0 10000 10000 10000 10000 10000 10000 10000
 10000  8679 10000 10000     0  8503 10000 10000 10000 10000 10000 10000
 10000 10000 10000 10000 10000 10000     0 10000 10000     0 10000 10000
     0 10000 10000 10000 10000 10000  9319 10000 10000 10000 10000 10000
 10000 10000 10000 10000 10000 10000 10000 10000 10000   130 10000 10000
 10000     0 10000 10000 10000 10000 10000  9936 10000 10000     0 10000
 10000 10000 10000 10000 10000 10000 10000 10000 10000 10000 10000 10000
 10000  8980  9988 10000     0  8356 10000 10000 10000 10000 10000 10000
 10000  7606 10000 10000     0 10000 10000 10000 10000 10000 10000   146
 10000 10000 10000 10000 10000 10000 10000 10000 10000 10000 10000 10000
 10000 10000 10000 10000 10000     0     0  9577 10000 10000 10000 10000
 10000 10000 10000 10000 10000  7949  9956 10000 10000 10000 10000 10000
 10000 10000   107 10000 10000 10000 10000 10000     0 10000 10000  8681
 10000 10000 10000     0     0     0 10000 10000  5846 10000 10000 10000
  7915 10000 10000 10000 10000 10000 10000 10000 10000  6836 10000 10000
 10000 10000 10000  7806 10000 10000 10000 10000 10000 10000 10000 10000
 10000  3336 10000  1374 10000 10000 10000 10000 10000 10000  5353 10000
 10000 10000 10000 10000     0 10000 10000 10000 10000 10000 10000 10000
 10000 10000 10000 10000 10000 10000 10000 10000 10000 10000 10000 10000
 10000 10000 10000 10000 10000 10000 10000     0 10000 10000  2743 10000
 10000 10000 10000 10000 10000 10000 10000 10000 10000 10000     0  9987
 10000 10000  5540     0 10000 10000 10000     0 10000 10000 10000 10000
 10000 10000 10000 10000 10000 10000 10000  2722 10000 10000  9186 10000
  5788     0 10000 10000 10000 10000 10000  9995 10000 10000 10000 10000
 10000 10000 10000 10000 10000  9917 10000 10000 10000 10000     0 10000
 10000 10000 10000  7617 10000     0     0 10000     0 10000 10000     0
 10000 10000 10000 10000 10000 10000 10000 10000 10000 10000 10000 10000
 10000 10000   875 10000 10000 10000 10000 10000 10000 10000 10000 10000
     0 10000 10000 10000 10000 10000 10000  5181   962 10000 10000 10000
 10000     0 10000     0 10000 10000   631 10000  9631 10000  3337  7445
     0 10000     0 10000 10000 10000 10000   210 10000 10000 10000 10000
 10000 10000     0 10000 10000  7700 10000     0  1799 10000 10000 10000
   188 10000 10000 10000 10000 10000 10000     0  9978 10000 10000     0
 10000 10000 10000 10000 10000 10000 10000 10000  6644 10000 10000   435
 10000 10000 10000 10000 10000 10000 10000 10000 10000 10000 10000 10000
 10000   330 10000 10000 10000 10000 10000 10000   383 10000 10000 10000
 10000 10000 10000     0 10000 10000 10000 10000 10000 10000 10000 10000
 10000     0 10000 10000 10000 10000 10000 10000     0     0 10000 10000
 10000 10000 10000     0 10000 10000 10000 10000     0 10000 10000 10000
 10000     0 10000   388 10000 10000 10000 10000 10000 10000 10000  9058
 10000 10000 10000 10000 10000 10000 10000 10000 10000 10000 10000 10000
 10000     0 10000   207 10000 10000     0 10000 10000 10000 10000 10000
 10000 10000 10000 10000 10000 10000 10000 10000 10000 10000     0     0
 10000 10000 10000 10000 10000 10000 10000 10000 10000 10000 10000 10000
 10000 10000     0 10000 10000 10000 10000 10000 10000 10000 10000 10000
 10000 10000 10000 10000 10000 10000  9570 10000 10000  1558 10000 10000
 10000 10000 10000 10000 10000 10000 10000     0 10000 10000 10000 10000
  9127     0     0 10000 10000 10000 10000 10000 10000   207 10000 10000
 10000 10000 10000 10000 10000     0 10000 10000     0 10000 10000 10000
 10000  1466 10000 10000 10000     0 10000 10000   987 10000 10000 10000
  6473 10000 10000 10000  4596 10000     0 10000 10000 10000 10000 10000
     0 10000 10000 10000 10000 10000 10000  9932  6224 10000 10000 10000
 10000 10000 10000     0 10000 10000 10000 10000 10000  7724 10000 10000
 10000 10000     0 10000 10000 10000     0 10000 10000 10000  1181 10000
 10000 10000 10000 10000     0 10000 10000  7146 10000 10000 10000     0
 10000 10000 10000 10000 10000 10000 10000 10000 10000 10000 10000 10000
 10000 10000 10000 10000 10000  9998 10000 10000 10000 10000 10000     0
 10000 10000 10000 10000 10000 10000 10000 10000 10000 10000 10000 10000
 10000 10000 10000 10000]
#[771539 797034 783392 806183 799852 791004 789056 796288 794330 788671
 793721 798905 786162 816843 797604 809237 816588 807784 799105 784101
 795611 789158 794974 789744 816988 798499 805070 797331 786488 788048
 791739 788438 789698 796450 799723 807361 799004 807227 799007 796327
 806264 792025 780659 785407 802020 805425 800169 811477 788106 800379
 795934 786390 795022 813850 793800 812109 804190 791011 804684 797181
 787113 808166 787651 791738 789007 791229 785034 796356 793661 801831
 816422 817434 789442 805746 813107 814048 799271 780231 808676 800498
 797023 792352 804186 790086 801533 806527 786743 807862 808900 797975
 795277 816105 810660 805842 783896 791202 791347 783633 794204 797186]
