[169244442624 274877906944            0 238343716864 274877906944
 274877906944            0            0   3604232448  98318352384
  70258434048 126053228544   2598658304 119197204480 274877906944
            0 274877906944 274877906944  50531450880 274877906944
            0 274877906944 274877906944    218483216         3206
  51470061568            0 274877906944  95459942400            0
 274877906944            0            0 228272832512  92620808192
            0 149519908864            0 261705859072 274877906944
 101131198464            0 274877906944    618177152   6597742080
            0 274877906944  44325134336     13000000  71979679744
 134602285056      6179042            0 137228091392            0
  27809810432 274877906944 274877906944  10479964160 127528558592
 274877906944 274877906944  35857338368            0 274877906944
 274877906944 274877906944 274877906944      3167085   4039782144
            0            0  84095606784      5573280            0
 274877906944 174126448640 266901061632            0            0
            0 274877906944            0  19041378304 106685751296
            0 274877906944            0 274877906944            0
            0            0 128347430912            0  93590986752
            0 274877906944 274877906944 274877906944    708798016
      7983325  23127885824  27042656256 274877906944 233218457600
            0            0            0 274877906944            0
 180962951168 274877906944            0  90956701696 274877906944
 274877906944            0            0            0            0
            0  22576365568            0            0            0
  24427528192 274877906944  61271306240            0 274877906944
            0 274877906944 274877906944 274877906944            0
     49275768            0 274877906944            0   4976576512
  41039536128 274877906944 274877906944      1487294            0
  97563090944 274877906944 274877906944 274877906944 274877906944
 129424171008   2749115392 274877906944 274877906944      8570755
 274877906944            0 127250276352 274877906944 274877906944
 274877906944 274877906944   2716605696            0 274877906944
    646560768 127294660608 274877906944 173047021568            0
            0  11127724032 186310688768 274877906944            0
 274877906944            0 274877906944            0  27354480640
 274877906944 199344488448            0            0  24382001152
  15033529344            0   2125525120 114053103616  76518334464
 274877906944 274877906944 274877906944    174119824   1643129088
            0            0            0 168417624064 274877906944
    937664768  50829082624  46304247808 274877906944            0
  44181028864  16060201984            0   5573181440 274877906944
      2761630   6206004736            0            0    104925104
 110832779264  18180044800 163225583616 274877906944  82505678848
            0            0 274877906944            0      1558780
 274877906944            0  75286806528            0            0
 274877906944    415127168            0 274877906944 274877906944
 274877906944            0   8464044032            0 235494834176
            0            0            0  10842212352            0
            0            0            0   4824035840  92131909632
 274877906944 130699313152            0      3414952   2398489600
 274877906944 274877906944            0 274877906944    420218752
  37724110848            0 274877906944            0 274877906944
 274877906944  59759026176 274877906944            0  86366568448
 250621493248  14792210432 274877906944            0            0
 274877906944 274877906944 274877906944 274877906944      2858416
            0  58545909760 274877906944 274877906944 274877906944
 274877906944            0     36208620 274877906944 274877906944
            0  98982199296 222962925568            0  10118194176
  81056923648  90488045568    669283840   5520043520  46409039872
 136250097664 274877906944 274877906944 274877906944            0
 176081649664 106223460352 274877906944  44510695424            0
  40626413568 136706711552 274877906944            0 274877906944
            0            0            0  65799352320      2658601
 126441226240      6659692 242139840512 274877906944 274877906944
 274877906944 274877906944            0            0            0
            0            0            0 274877906944    208600368
            0   4393494016            0  45819883520            0
 274877906944            0            0  42263334912            0
            0            0            0 274877906944            0
            0 274877906944 274877906944            0            0
  50435616768            0            0  58546704384 274877906944
            0            0            0   1767953664 274877906944
     50727904            0  30580893696   5716853760            0
   6924306944 274877906944  99253575680            0  15668041728
            0  93304217600 264628158464 274877906944   1401189120
 228298424320 122677575680 152637915136  41388072960 273230905344
  94334328832 274877906944 274877906944 274877906944  93461938176
 274877906944 274877906944            0 175150563328     10183399
 274877906944 274877906944  34649292800            0 149565571072
 274877906944 116180418560 274877906944 274877906944            0
            0 274877906944    602108544 274877906944 274877906944
            0    455540448 145415110656 274877906944 104308482048
            0 103606927360            0            0 274877906944
   1814075392            0  53629644800            0            0
 117679915008            0            0            0 274877906944
 223334924288            0            0 237720649728 274877906944
 173211516928 274877906944  40558116864  13101672448 106266001408
            0            0            0            0   7902737408
            0            0 274877906944            0            0
 274877906944  20032460800 274877906944    353344832      7840407
            0  88979349504            0            0 274877906944
  69448581120 118302146560            0            0            0
 244876001280      2365719 274877906944 274877906944  17784176640
  67750858752            0    703564032            0 274877906944
 274877906944 274877906944 128677634048 274877906944            0
 108666626048            0 274877906944            0 122268180480
            0 274877906944            0            0            0
 257962426368 274877906944 274877906944            0            0
            0 274877906944  11872145408            0    192023728
            0            0 274877906944            0            0
            0   4585753088            0            0            0
 274877906944            0  83328139264            0            0
 274877906944            0            0 274877906944            0
       933601            0 274877906944            0            0
 274877906944            0            0 274877906944            0
            0 274877906944 153306054656    187855664  23442728960
  11490911232 274877906944   5612845056  42341199872  66829762560
  19618013184   9856487424            0 274877906944 256714883072
  38249775104 274877906944 274877906944            0 274877906944
 274877906944            0            0            0 233300688896
  46022062080   4359122944    836331648            0      3470764
 274877906944            0 274877906944 274877906944  82428149760
 274877906944 116348731392 274877906944 274877906944   2904972800
 183270998016   9130118144            0  62735130624   1694181760
  46189223936   2810983168            0   8859248640 274877906944
    164384000            0 274877906944 274877906944 274877906944
            0  37273075712            0            0 274877906944
            0 217073188864 274877906944 274877906944            0
 141253967872            0  18769139712            0 274877906944
            0            0 274877906944            0 172994904064
            0 274877906944 274877906944   7410439680            0
            0 274877906944            0 274877906944            0
   2193378816    769376384  11763714048 210848563200            0
  95675891712 274877906944     26239528  69144903680 274877906944
            0   3607917824            0  64037699584 274877906944
            0      8000000            0  23741802496 274877906944
 274877906944 274877906944 274877906944 274877906944 274877906944
 274877906944 274877906944 274877906944 274877906944            0
  67331080192 274877906944 207762145280   7679135744            0
 274877906944            0  11687300096            0            0
   1749356544   2235242240            0    140993488 134705381376
            0     31547776 226363752448     71257920            0
            0   3314801664 274877906944            0  26473308160
  79848677376            0 274877906944            0  13709175808
 212049559552            0            0  79001673728            0
 274877906944   1406514688            0  74650689536   1428482816
            0 274877906944 274877906944  77773881344            0
            0 182772973568 274877906944  82774892544  68070535168
 274877906944            0 274877906944            0            0
            0   1906532608            0 253817307136            0
            0   7915723776 274877906944  13848665088            0
            0 274877906944 213084340224  96230842368            0
            0 274877906944            0            0 274877906944
 274877906944 274877906944 104173502464            0 274877906944
            0 274877906944 274877906944            0    540029696
  37491642368  94845444096 133623971840            0            0
 274877906944 274877906944 274877906944  17658238976   3390920704
     23276224 274877906944 274877906944 249435553792 274877906944
       619645            0      6130659 274877906944  10208963584
 165264867328 274877906944            0            0            0
    150480992  14688489472 274877906944  12394202112            0
            0 274877906944            0   1358937088 131110060032
            0 130575261696            0  15620568064 274877906944
 274877906944 269605240832 274877906944  15848613888 274877906944
   2042337664            0            0  56423305216            0
 274877906944  28273958912            0 274877906944  99924623360
  23666247680 116206354432 274877906944        61429 274877906944
  90736828416  53467877376            0            0            0
            0  67353284608            0            0  89453674496
            0 274877906944 203015290880 274877906944 274877906944
 274877906944 200792604672  12134080512            0 183854022656
  46711619584   2901300224            0 274877906944            0
            0 274877906944            0 274877906944 274877906944
 274877906944 274877906944 274877906944 274877906944 207033401344
            0    750323008 274877906944            0  34380365824
 136628101120 109559529472            0     32000000 274877906944
            0            0 274877906944            0            0
 274877906944            0 274877906944 274877906944   1234106624
 274877906944   1343730304 274877906944 274877906944            0
            0            0            0            0 274877906944
 274877906944 222069604352      1587790 173998063616            0
            0 274877906944 274877906944      4442817 274877906944
 262304743424    479573056    413954176  28567584768 274877906944
  74011631616   8078998528 274877906944  27408453632  56672698368
  20882270208            0 179433586688            0            0
 155243102208            0 139047108608            0            0
 274877906944            0 274877906944 274877906944     65396300
 274877906944  21630836736 274877906944   1496214784            0
 274877906944      3132574  39302000640            0            0
 102930259968            0 274877906944 274877906944  15764520960
            0            0            0 274877906944      2690891
 274877906944 274877906944 137670508544  32852531200            0
 274877906944 274877906944 274877906944            0 274877906944
            0            0            0 274877906944            0
   1021482112            0            0            0            0
            0  42898100224 274877906944  36634722304            0
            0            0 274877906944  23787638784 236285067264
            0 274877906944 274877906944 274877906944 274877906944
 274877906944            0            0    290705120            0
 162137899008 274877906944            0   5721888768            0
 165939937280     21490856 197084774400            0            0
            0            0 274877906944 274877906944 274877906944
 274877906944            0 274877906944            0            0
            0      3232527  39765041152  67016146944    952299200
    898367104    209120000   2359491328            0   3631665408
            0 274877906944            0     35010000  90837762048
            0            0            0  88133222400    218235952
 192219267072  20855654400            0            0 274877906944
            0  51084345344 128169222144 274877906944 121312059392
 274877906944            0  55256645632   4197463808  65596243968
            0            0  21384054784            0 105279635456
 274877906944 274877906944  23609839616            0            0
  88408285184            0  41358274560            0  96943276032
 274877906944    369610752   2287783680    128487752      1940058
 274877906944            0            0 158285119488            0
 114776424448  38230405120            0            0            0
            0            0 274877906944 274877906944  17802405888
            0 274877906944 274877906944       763760 274877906944
 274877906944 274877906944 256841646080  29190219776            0
            0 274877906944            0 139287461888 274877906944
            0 274877906944            0 113575493632      7659072
   9933146112 256220364800      5202445 190508056576            0
  13675044864 274877906944            0 274877906944  91093155840
  74857906176 274877906944   9583654912            0            0
            0   1721757824 274877906944 274877906944  81356972032
            0     23502142 101722669056      5669367  37100048384
    903486144 274877906944            0 173291028480 274877906944
  47593590784    283515840 154746404864 274877906944 274877906944
  35601145856  62664531968            0 109807828992   5095974400
       472907            0 107383160832 264024522752 274877906944
   4270289408 196829216768  92865748992            0 274877906944
 192118865920 153415827456     67805504            0            0
            0 110496161792            0 185679101952 134208749568
  14809649152            0  14303063040            0  10025470976
 274877906944  91291811840 274877906944            0            0
            0 274877906944 143693561856            0            0
            0 126748327936 145312514048            0 274877906944
            0            0            0 274877906944  59571953664
 274877906944            0    700862720            0            0
  69315928064 274877906944 274877906944 274877906944            0
 274877906944            0  12908778496 274877906944            0
 274877906944 116763926528            0 274877906944            0
 274877906944 274877906944 274877906944     16481099    534391872
  26670008320  11304785920            0 274877906944            0
  48830021632 274877906944    478506592 265410019328 147037667328
            0     33087132 274877906944 252347858944            0
 274877906944 109302022144 274877906944 274877906944   1845234560
  90818437120 274877906944 200794537984 274877906944            0
 274877906944            0 167716388864  18834601984            0
            0            0  84898177024            0   2505339136
 274877906944            0 274877906944 274877906944            0
 252318662656       472427            0            0   4632245248
  28245469184            0            0            0 274877906944
 274877906944 274877906944 272134029312 274877906944  63608860672
 274877906944 274877906944            0            0 274877906944
            0 106908557312  53239185408            0            0
  53287514112 274877906944  46799466496   5371840512 201338044416
 180324106240   5334167040            0 274877906944            0
            0 274877906944 274877906944            0 274877906944
   4701263360 274877906944 274877906944  89474416640   7334634496
 101956485120            0            0 203288756224            0
 274877906944    497379584 274877906944 274877906944 127870140416
 274877906944  38787174400            0            0 274877906944
 274877906944 274877906944            0   3651146496 274877906944
 143556804608            0   5474829824            0            0
 274877906944 103630766080            0            0            0
            0      5676710 274877906944            0            0
            0      2063708  33255940096 274877906944            0
 134257172480 274877906944            0 232283160576 274877906944
            0 274877906944 274877906944            0            0
            0  29484042240            0            0 274877906944
            0 274877906944 274877906944            0            0
            0            0 274877906944 274877906944            0
  56160641024   1763226624 274877906944 238327414784 274877906944
            0            0      4941033 274877906944            0
            0 274877906944            0  22809153536  60981211136
            0 274877906944  70336077824 128672276480    709569408
  18917730304 274877906944  91248238592            0    417201024
 178331303936    330774208 274877906944 274877906944   3337650432
 274877906944 127897198592  27085101056            0            0
            0 274008588288            0  15066137600            0
            0            0 239033286656 274877906944     80716536
 274877906944      6187847   2183835904            0   3477716480
     30091536 214327377920 274877906944  61047144448 274877906944
            0  94042791936  91214659584   8676538368 125808238592
            0   1042252608 274877906944  66818310144 126809219072
  47364767744            0            0      1000000  35646107648
            0  13264929792 236768034816 134391087104 274877906944
            0 274877906944 274877906944            0            0
            0 125226164224  56984137728    928149760   4156511744
 274877906944            0 274877906944 274877906944 274877906944
 136385355776            0 274877906944            0 274877906944
            0     59845936 141556318208   2418770432            0
 201034153984            0            0            0 200473624576
  14907301888 133084749824            0            0            0
 113923866624 128893739008            0  59676561408  72387362816
  12217838592   8158531584 274877906944 274877906944 274877906944
            0 274877906944 274877906944      9000000 274877906944
 274877906944            0 274877906944            0            0
 274877906944            0 134379872256            0            0
     47335264            0            0            0 274877906944
   1418068992            0 261974999040   4711983104            0
 274877906944   2087385088 274877906944   2614305280            0
            0 274877906944  13616398336 274877906944            0
 267796217856            0 274877906944 274877906944 274877906944
  73724297216 274877906944 124731703296            0            0
 274877906944            0            0  17254819840 274877906944
            0 133962432512 274877906944 174842970112   8390556160
  17125613568 274877906944 274877906944 194776268800            0
 274877906944            0 274877906944 274877906944            0
            0            0            0            0            0
 274877906944  88864210944            0   3710670080 274877906944
 274877906944 158099111936 274877906944 274877906944            0
            0  79372664832 274877906944  29897316352 274877906944
 274877906944 159487803392 274877906944            0            0
   1602350592 274877906944  66456371200   2050130176 274877906944
            0            0   4170567168    146343600 148617363456
 274877906944            0            0 168387051520            0
            0 274877906944     89836688 274877906944 112525877248
 112039575552            0 274877906944 274877906944   7946790400
  49874231296            0  69628485632      6609942 274877906944
 107899420672 274877906944      5297665 119526105088            0
            0 222562189312  76459982848   2257336576 274877906944
  36966154240  11582973952            0            0            0
            0            0  15579231232            0 251882094592
 274877906944  30684848128     85429792            0  24470147072
  51909521408 117113765888 274877906944 223991119872 274877906944
            0  67399208960 257318748160 274877906944 194148220928
            0            0      4411348  64901595136   9456466944
 274877906944 274877906944  34326851584            0 274877906944
 274877906944 274877906944  73803358208 274877906944 260591435776
 274877906944  41325473792 274877906944            0            0
 274877906944            0   9734152192            0 274877906944
  81128833024  56731234304            0    160073840 274877906944
   4907176960  22170671104 274877906944 274877906944            0
 274877906944            0 274877906944 274877906944            0
            0 274877906944            0     96354288 274877906944
   9555525632            0 144708927488            0            0
   6207099392  71123148800            0 274877906944 102881804288
 274877906944            0 274877906944     28000000 274877906944
            0  39637475328 178005278720  31913605120            0
            0     39000000 158811340800            0  82478891008
    206542768  84400283648 274877906944            0            0
            0 274877906944            0            0            0
            0 274877906944 274877906944 168859779072            0
            0            0 274877906944 274877906944 274877906944
            0 274877906944    253669216 274877906944  86232047616
            0            0 126901084160   3884588800            0
 274877906944            0 274877906944 274877906944 136298004480
            0            0            0            0            0
 274877906944   1927180672            0 274877906944 274877906944
   4553072128       787700   2430368512            0 274877906944
   2684660736  72258371584   6895755264  84308754432  26623799296
  82446131200 274877906944 274877906944 122853449728 176841801728
 136523243520            0            0 274877906944            0
            0            0 274877906944    876885504            0
  89145901056 101744115712 274877906944            0      3916506
 274877906944            0 274877906944 274877906944            0
            0            0 274877906944 274877906944     68894840
    666100928  96593240064  60596531200            0 131815735296
 274877906944            0            0            0            0
            0            0 274877906944 267944656896            0
            0            0  18978508800 121648488448 274877906944
            0 110592778240 274877906944    382018176            0
 274877906944  99783450624            0  99870679040 274877906944
    618621952  48302735360 274877906944    355334528    137247936
            0 274877906944 221356752896            0   5869713408
 274877906944      1490000            0 274877906944            0
            0            0            0            0 274877906944
   1194926208  47171108864 274877906944  87927865344            0
            0 274877906944 274877906944            0 274877906944
            0    168196032            0 274877906944            0
            0            0 274877906944 274877906944            0
 274877906944  13840847872 274877906944 249422741504   2101134208
 274877906944 166954778624            0 274877906944            0
   7110581760            0            0            0  59139244032
  97166131200 274877906944 274877906944 274877906944  64398094336
            0 274877906944 274877906944            0   7691369984
   5877679104 274877906944            0            0 274877906944
            0 274877906944  21394591744 274877906944  90938687488
   1302038144 274877906944 274877906944 274877906944 274877906944
            0 139974557696 125481844736  22447960064            0
 274877906944 117947359232            0 274877906944 274877906944
 135042392064 274877906944  16239823872 274877906944            0
 117888942080            0  18773944320            0 274877906944
            0 274877906944 274877906944            0      4239995
 274877906944 274877906944 274877906944            0 274877906944
    944770944  27746713600  87013646336 274877906944   1208034304
 274877906944            0 274877906944            0   8643458048
 274877906944 274877906944            0            0 274877906944
            0            0 188412592128 194122465280            0
 274877906944            0            0            0     92021104
 274877906944 274877906944            0 274877906944            0
     14709385 274877906944  37352587264     45976844            0
 130838765568            0            0 274877906944 240423026688
 119379615744  79888498688            0  37239836672  45070761984
 274877906944  95157280768            0            0            0
    279704768            0            0    453638048            0
         2608  86032842752     46143812            0 274877906944
            0            0            0  58801463296 123969273856
 274877906944 274877906944  44450324480  11041228800 274877906944
            0  22568818688  30808686592  61075255296  75470102528
  80040476672            0            0 274877906944     21143970
            0 274877906944   9693565952            0   8547816960
            0 274877906944 274877906944 274877906944            0
 158268538880 274877906944            0   2541596416  84409794560
 274877906944            0   2357658880            0 274877906944
  90537312256   5455130112 229712314368 132194361344  21691531264
 274877906944 171868160000  15283346432  28473853952   3230823680
            0            0 216141824000            0  83746938880
 155653488640            0  55849447424            0 153189253120
 274877906944 104205213696 170232004608            0            0
 274877906944 274877906944            0 198455115776 274877906944
 274877906944     27296328 119859486720 274877906944 274877906944
  90483580928 274877906944 121281994752            0 160499286016
            0 115610492928 254405853184            0 123057020928
  95541911552 227783278592  12489365504 274877906944            0
            0            0            0     67960304 113461395456
 180906835968 274877906944 274877906944 274877906944            0
  66740740096  30522519552            0            0 274877906944
 274877906944  55300636672 274877906944 274877906944 274877906944
  87501701120  20163932160  77113720832            0 274877906944
 163770580992            0 274877906944 274877906944            0
            0            0 153772720128 251143995392            0
 274877906944            0            0 274877906944   1541382784
 125165887488            0 184959959040  67100688384            0
            0   8497956864 102245081088 274877906944            0
 274877906944  38988464128  91990999040            0            0
            0            0    263341600     18082100  81438883840
 214939189248 274877906944            0            0      6770033
            0            0    286780736 274877906944 274877906944
 274877906944  55134896128 274877906944            0  59100004352
 141263028224    126077952            0 274877906944            0
            0 274877906944  63453114368            0 274877906944
 274877906944 274877906944            0  25202221056   2632183040
            0            0            0 274877906944  39401263104
            0            0  96198828032            0 206060453888
 174665154560 274877906944            0            0 191769100288
 274877906944 274877906944            0            0  98870558720
            0 124830482432  17724600320            0            0
  10605703168  83340845056 274877906944            0 142732853248
 274877906944     35374288            0 274877906944     73992384
        16980 274877906944  71890599936            0 274877906944
 153578897408 274877906944            0 274877906944            0
            0            0 274877906944            0            0
  25271314432 274877906944 274877906944            0   8328256512
  14503759872 274877906944            0            0    539145472
 274877906944 274877906944 274877906944    148920512   5998382592
            0 124281905152            0 274877906944            0
 274877906944            0 274877906944   1384725504   5316623360
 274877906944            0 129035427840            0 274877906944
 106870423552  53397295104            0 274877906944            0
  29729017856 274877906944            0 274877906944   1835683840
            0            0   3751999744 274877906944 274877906944
 274877906944 274877906944     99602128 274877906944            0
            0            0            0            0            0
            0   3117149696            0 274877906944 274877906944
 274877906944            0            0       303069            0
   2558724608   4873312768   9725818880 147111788544 274877906944
            0 131656704000            0   1497411328  58914451456
 274877906944 117549268992 274877906944            0            0
  23594006528  48903237632  53566877696            0  58575065088
 274877906944 274877906944            0            0  36429770752
            0 274877906944  84951072768  85885255680            0
 274877906944            0 274877906944 274877906944            0
 125319340032            0  12892175360  21176289280 274877906944
  63078531072  14873986048 274877906944 274877906944            0
            0            0 133908570112 274877906944     15800853
 171330994176            0            0  27462309888 107891884032
 274877906944            0            0  79784337408    404196896
 274877906944            0 274877906944     61442904            0
            0 261898813440   1421304960            0            0
  46359363584 176038363136       944494 274877906944 207505260544
 129779990528            0 274877906944            0  31565324288
   8265448448  98878889984  95954501632            0 136372977664
 274877906944  64949780480            0            0 274877906944
 148108083200 274877906944            0            0   5520098816
 274877906944 274877906944  32566878208    105656432   1236582400
 274877906944 255782518784  30228770816 274877906944 274877906944
            0 274877906944            0            0            0
 274877906944   4565709312  14938249216 205005258752   5985206784
 274877906944            0            0            0     16888440
 128130973696    260931280 257920860160 274877906944 274877906944
 157639327744 274877906944            0            0 274877906944
            0     69887328  95990972416   1169235584            0
 192003670016            0  91356397568  50014625792    154479200
   1177034240            0 274877906944   4578231296 242579816448
 274877906944            0    258803632            0 274877906944
   8469513728 274877906944 274877906944            0 114691555328
 274877906944 274877906944            0  75374157824   8328517120
 274877906944            0 274877906944  62958116864            0
   1592852864            0            0 274877906944 274877906944
  91428741120     12432116            0 274877906944  32909363200
            0  68856700928    690477824            0            0
 274877906944  12898978816            0  40389316608 274877906944
 274877906944   3066309632            0 274877906944 274877906944
            0  55338786816 274877906944  83467165696  46543147008
 274877906944 274877906944            0 241015980032            0
            0            0            0 274877906944   1286345856
            0            0            0            0 274877906944
  57580699648            0  16585584640 274877906944 274877906944
   1227997824 274877906944            0            0            0
            0    409373248 274877906944 221914611712      3315947
 274877906944            0            0 274877906944            0
            0  30422691840 274877906944            0      1674300
            0 274877906944 274877906944    119574112 274877906944
 274877906944            0            0    174695408            0
            0  36232617984            0            0  90944585728
            0 263255146496 274877906944 274877906944            0
 274877906944 133595504640            0 274877906944     15772030
            0      5228212 216122015744 105291251712            0
   5607334400 274877906944 274877906944  21503571968    342235968
 274877906944            0 129101127680 172312035328 126102249472
       224714            0    499712320 274877906944            0
  71168032768 274877906944 274877906944 225213743104 274877906944
 274877906944            0 274877906944            0 274877906944
            0            0 121736126464 274877906944 208709009408
            0 274877906944   5225944064            0 274162974720
            0 274877906944 174260174848  99990380544 274877906944
            0 222938546176   5265604096            0   3618978816
            0     25591884 274877906944   3231463168 274877906944
 115378266112 127464497152            0 274877906944 274877906944
 106013155328   1391945216 165814026240            0            0
 274877906944   6899297280  35997638656            0            0
 274877906944   2034628352     76175120      7264988            0
 274877906944 266383736832 274877906944            0 140633227264
 274877906944            0 274877906944            0 274877906944
   4021548544 274877906944 128103104512 274877906944 274877906944
 274877906944 274877906944 145069735936 274877906944 198079692800
            0            0   9344460800 274877906944            0
 274877906944 250767867904            0 274877906944            0
            0            0 274877906944 274877906944            0
            0 256198082560            0 274877906944 274877906944
  13030772736            0 274877906944            0 274877906944
     70257360  48366612480 274877906944  33058336768 274877906944
 274877906944   2263312384     51296032            0 274877906944
            0   6887657472            0  45119672320  16981177344
 112770891776   1053213952            0 274877906944  42042052608
            0            0 274877906944     16326056 103854022656
            0  13833321472 274877906944 111088238592 274877906944
            0  35820933120            0  38090788864            0
 274877906944 274877906944            0 169345253376  13968734208
 274877906944  94509056000 274877906944            0 274877906944
            0      1359339  99906437120   5761856000            0
 274877906944            0 147456180224            0    745099648
            0  34208278528 274877906944            0      5091095
   1455093632   3835887104 274877906944 184543805440            0
            0     30941028 274877906944 274877906944            0
 133770846208 274877906944            0            0  45131530240
 274877906944    757797440 274877906944 274877906944 274877906944
 274877906944            0            0 108214460416   2413629440
            0 274877906944 270687535104 274877906944 274877906944
    670615616            0  30285168640            0 274877906944
            0   5098770944     81222512            0  67739967488
   1327652992            0 274877906944            0 274877906944
 274877906944            0 104976359424            0            0
 274877906944  15526747136 186870644736            0            0
      1268918  19564802048            0 274877906944            0
            0    280295776  68347064320 274877906944            0
            0            0  55288516608 274877906944     82369728
 274877906944            0            0            0 274877906944
            0            0 122924990464            0  10515326976
            0 274877906944            0            0            0
 274877906944 274877906944            0 274877906944            0
            0      1248104            0 274877906944            0
 274877906944            0            0 128118292480            0
            0            0    290573664            0 218336870400
            0            0 142254047232   4830071296 108588892160
 274877906944 274877906944 274877906944 274877906944  98719031296
  86947086336  16392868864 180199292928 120258109440            0
   3078454016 274877906944 235409670144            0  24797601792
            0 274877906944 274877906944 133177966592 274877906944
            0 103698112512  83337609216   2512738048 274877906944
            0            0            0 274877906944  65675132928
 274877906944    651274752            0            0            0
            0 171848990720            0 274877906944   1728424960
   3133827584            0            0 274877906944 164020060160
  93358571520   6463739904            0 220336242688  10157806592
 274877906944            0 274877906944            0 103285252096
   8966779904 274877906944 173791232000            0 274877906944
     27265440    567359616 274877906944            0 274877906944
            0            0            0  99065520128      4457789
            0            0 274877906944            0 202813882368
  87040663552 274877906944            0            0 274877906944
    461888608 156929474560    223758480   1177434240 274877906944
 251301036032            0            0   3603769088     12687870
 274877906944 274877906944 274877906944  12295260160            0
            0            0  99027181568 274877906944 111479463936
    242918144  35072401408 274877906944 274877906944   7080220160
  27124066304            0 274877906944  18284427264 274877906944
  96612548608  80136314880 274877906944 104224735232            0
 274877906944            0            0     53102704    732185664
         1674 274877906944 193755168768 274877906944  46549458944
            0 274877906944   1911689984            0  18707009536
            0 274877906944 274877906944            0 154972372992
            0        66929   7276689408            0            0
            0 183745282048  49103982592 274877906944   8311742976
            0            0       986978     12766052  13863348224
 274877906944  57373585408  57820311552 274877906944            0
 274877906944 274877906944   1682914944  33614856192    142718448
            0 274877906944            0 274877906944 274877906944
 274877906944 135665860608            0            0 126508097536
            0 274877906944            0            0 274877906944
            0 274877906944 274877906944    218812448    469870496
            0   1404214528            0 274877906944     95872160
 274877906944            0            0            0 152696406016
 183970856960  91856314368            0      2257246            0
            0 110138114048 274877906944            0  85663309824
      4768347 274877906944 274877906944            0 274877906944
 274877906944 265838493696  65368051712  88403501056            0
    197632160            0 274877906944            0            0
            0 274877906944     17820740            0  95381364736
 274877906944         9480            0 274877906944            0
            0            0     13411646     19037496  64952631296
            0  71671930880 264677392384            0  11271477248
            0  23035160576            0  11934607360 274877906944
 274877906944            0 126571495424            0 274877906944
  30390151168       603060            0 274877906944            0
            0            0            0            0            0
  25197592576 235303567360 102333767680 248276533248  60426096640
 224630702080 274877906944 274877906944 274877906944 274877906944
            0  57781215232            0            0 121360531456
            0 274877906944 240716546048 274877906944 274877906944
            0 274877906944            0  70880788480 133657141248
 163405856768            0 274877906944   1664113792 274877906944
 274877906944 274877906944 274877906944            0  40230703104
 274877906944            0 274877906944            0            0
   9504444416 274877906944            0 274877906944            0
 274877906944            0   2171106560 274877906944     15857646
            0   1675737088 274877906944            0 274877906944
            0            0  42318086144 274877906944  26232922112
 274877906944 274877906944    214643728 112546938880            0
  44997398528    264300064 274877906944  67993346048            0
 181566423040    447559424 274877906944 274877906944            0
            0  22395248640  18816362496            0 274877906944
   2173548032 274877906944  36556410880            0 274877906944
  83879559168            0 185060900864            0            0
 143748677632 274877906944 107363475456 274877906944 274877906944
            0 274877906944            0            0 274877906944
            0 103861518336   2835055872  23540471808      3150000
  22163140608 274877906944 274877906944       233029 231347437568
            0            0            0 274877906944   2167193088
  30133739520  79931252736     49741836 274877906944 274877906944
 274877906944 249855180800            0 274564972544            0
  77414301696 274877906944            0 274877906944            0
            0            0            0            0 274877906944
 274877906944            0            0 274877906944  67354476544
            0            0  11755385856            0  11211609088
  22728953856            0   8059219968  67049832448 274877906944
 274877906944  32787773440    981140672 274877906944  57630011392
            0 274877906944            0            0    333852192
            0            0            0  39496720384 117658779648
            0 200410267648 274877906944            0 274877906944
   9160817664 274877906944            0  20382291968            0
 274877906944  46378758144 274877906944            0 274877906944
 169690300416            0 155105214464 184847220736 102901858304
  10825314304            0            0            0   2332571392
 274877906944 274877906944 274877906944  32986654720 274877906944
            0            0 151943954432    444802336    397969184
            0   1398597120 274877906944 274877906944 274877906944
            0 111876538368 178836668416    824510464 243483951104
 274877906944            0   2692619776 274877906944            0
    673524352 101730803712  36079882240            0            0
      4665348 110510555136      1937707  53133619200  76336177152
 274877906944 274877906944  26100375552 274877906944            0
            0            0            0  11903531008 274877906944
 274877906944            0            0  45221478400 274877906944
            0            0            0 274877906944 274877906944
            0            0 274877906944 229498109952  88385773568
 274877906944    364540576    429423776            0            0
            0 274877906944            0            0 274877906944
            0    225553472            0   1930811904            0
 274877906944  98437685248   9503886336 274877906944 274877906944
 188581642240 274877906944     69434864    384305600   1099654784
            0 274877906944            0            0   3750907136
            0 110001856512 227641507840            0  38489513984
            0   6964060160            0 274877906944            0
 274877906944            0            0 274877906944            0
  25735645184   1903373312 274877906944            0            0
 274877906944 274877906944            0    280030688            0
 241476665344 167156187136 274877906944  79628369920  48031768576
            0  45001830400 274877906944 274877906944 274877906944
 274877906944 274877906944  62244622336 274877906944 274877906944
  38200344576 274877906944     19045576            0 274877906944
 274877906944 274877906944            0            0 274877906944
  23175251968   5297814528 274877906944 274877906944   1171753600
 274877906944            0            0 274877906944  15267390464
            0 274877906944            0 274877906944            0
      2478235            0 274877906944 274877906944            0
 140590727168 274877906944   1393776384            0            0
 274877906944 274877906944 215767760896 274877906944            0
   3489079296 274877906944            0            0  32042856448
            0 274877906944 214833545216            0 198289670144
 274877906944            0 274877906944 274877906944            0
            0            0  27478349824 224284246016   1252102144
            0  16549712896            0 204606881792 274877906944
 274877906944 274877906944 274877906944    789072320  89354846208
  15356639232 274877906944 274877906944            0  11217942528
            0 274877906944            0     98582648            0
   9054732288   1300495488            0 274877906944    625729024
   3762118400  47360319488  35355435008   5006639616            0
 274877906944 274877906944  11111544832            0   1653276032
  29918337024            0            0 133744492544  88080121856
 104559788032 274877906944            0            0 274877906944
   3091011072            0            0            0 274877906944
 159668961280 274877906944 274877906944 274877906944 274877906944
 274877906944  68347244544 174002470912 274877906944 113469456384
   7330002944   3730897664            0            0            0
            0 245378088960  75593285632  98129723392 274877906944
 274877906944 155313684480   1060888832 274877906944  18371866624
     40286340            0            0  42935844864  11638487040
            0 274877906944  14635279360 274877906944  15386559488
 274877906944            0  72179785728            0 274877906944
  22144700416  80554237952 148334968832  48164397056            0
            0   5938611200  48697028608 274877906944 274877906944
 274877906944 274877906944            0   3434115328 263405649920
            0 274877906944            0 274877906944  88401698816
 124179480576            0   1388831232      9402913            0
 205478559744    700654400 274877906944    588886528 274877906944
 113125507072            0            0            0   2951030784
 274877906944            0            0 202605903872            0
            0 274877906944            0 274877906944            0
 274877906944 274877906944 274877906944    524292928 195865706496
 167562526720  70884294656  83077210112 134111379456 274877906944
 274877906944            0   4466182144            0 274877906944
            0  36579135488     17463240            0   1759584384
            0            0            0            0  34014097408
  30155878400 274877906944 274877906944            0 237393444864
  24530485248            0 274877906944            0            0
 274877906944     50794164  26972635136     15326993  57460318208
            0   4288571648 219434713088            0 274877906944
            0  20255377408  54857949184 274877906944  16807379968
            0  31929112576   1921635072 274877906944            0
            0 274877906944   4773081088  22728017920 274877906944
    528126112     51297356 274877906944 274877906944        99540
            0 274877906944  71492657152 274877906944    919513472
 113035280384 274877906944  14302136320  26909995008  11190736896
 274877906944 267036033024 274877906944 274877906944  18139633664
            0  37286912000            0            0            0
 274877906944            0            0  64507768832 274877906944
            0 274877906944 274877906944            0    424160000
 274877906944            0            0            0   2698761728
      9503686            0 178368692224 274877906944     13996382
 274877906944    636848256            0            0     47844560
            0 260811898880  26184982528    319851712            0
   1178103552 274877906944            0 274877906944            0
 274877906944    144251984      6918937            0   1899597952
            0  80885194752  15777097728  19880767488 274877906944
  50567151616  99576750080            0 274877906944 221001383936
   3515552512            0            0   6100720128            0
  87141294080  77644800000            0  27644915712            0
 164719296512 274877906944 274877906944            0 274877906944
 274877906944 108567953408 274877906944 274877906944  20934428672
  17877460992   9042406400 274877906944   4843668480 274877906944
   4456631296            0            0 274877906944   6554764288
  98802491392  88296906752      5370616 274877906944 249868517376
   1535008256 160790265856  79452495872 274877906944    486677696
 107289559040            0 188910370816 274877906944 274877906944
  71785660416 274877906944  64398655488            0            0
 274877906944   3138404864 196468424704  56543617024            0
            0 221037625344     48197052 274877906944 274877906944
  90123878400   5765928448  11597405184            0    943368000
 222894325760  62757580800 274877906944  61994500096  66605473792
            0 274877906944            0            0 128298524672
   1238548096            0            0   6138089984            0
 144963190784 274877906944            0 140394135552      4831423
 274877906944            0 274877906944  85950087168 140402016256
  73113444352            0 160506904576  71241474048 274877906944
            0 274877906944 274877906944   2735565568            0
 274877906944 274877906944            0  28015955968            0
 274877906944  12220663808 274877906944  60291252224    268849344
            0 274877906944 274877906944            0   5116389376
            0            0 274877906944 274877906944   2012500736
            0 227600678912 208616570880            0            0
            0 165432967168 274877906944   9009260544 274877906944
            0            0            0 274877906944 274877906944
            0            0 274877906944 274877906944 274877906944
            0            0 274877906944 274877906944  51485495296
  33470087168            0 182920888320            0            0
            0 211824934912            0            0            0
  25791047680 274877906944  36392849408  13832472576  53471625216
 274877906944 274877906944            0            0 274877906944
  42926813184  95351185408 211214204928 161265303552            0
            0  74583793664            0            0            0
  25626771456   2224779008            0 274877906944  55532728320
            0   9430218752 274877906944            0 274877906944
 274877906944            0            0            0            0
            0            0  71541694464 231893942272            0
  31097026560 274877906944            0 274877906944 274877906944
 274877906944 159481987072            0 274877906944 274877906944
            0            0 123764432896  91036221440            0
    269171616 274877906944 177912774656 274877906944            0
            0 141511262208 102560620544  97622663168 274877906944
 104858869760            0 274877906944 182488989696    393600000
  66919964672 274877906944 274877906944            0    136451840
   1214683008 274877906944            0 178276794368 274877906944
  77096476672 274877906944            0    542269952 274877906944
 172489768960  46793072640 274877906944    651628544   2092174592
   1667139200            0            0            0            0
    306811936 104869404672 133866053632            0 274877906944
 274877906944            0            0 274877906944 274877906944
            0 274877906944 274877906944            0 274877906944
 114749341696 274877906944            0 274877906944 274877906944
     56373960            0            0            0   1985515008
   4506897408            0 274877906944  19425085440            0
            0            0            0 274877906944            0
            0 274877906944 274877906944  57245102080 274877906944
            0            0  47655309312    359729344            0
  11458229248            0            0 274877906944 111606087680]
#[10673868700106 10428038460249  5500472959405 12452378624712  5130513681744
 11368339319813  6144732644455   938723384690  1678121209054  8134198099292
 11036492859611 11516907962458  2068471595761  9703549299697  7462430718600
  3866888103307  5180956160568  8825568621432   848574628276  9259710736583
 11975312444088 11814707500138 12669246842970  9375622264365  7046013893597
 11182440746336 11869124750341  9039421573473  9027231411635  7796716213430
  7433880487465  2049366798181  9878541255464  7791968002852  2868884973449
  7554175554969  2509552163737  2248091767402  1980248570496 11702821607683
  1945750564906  3682439638534  8275888050299  1934526090731  9734847291745
  1559672243453  5833578812168  4843162978386  9372078106727 10610382608893
  8707447638101  5445217564868  7897867522094  6083326769279  7565980173538
 11202918031551  3926263085365  6038234017576  8873925287672  9060318861798
  9244114129220  7897170407561  4609288538662  5157778368316  4131691482869
  3604951301381  3375173639259  3677825784623  7334197882016 10153424662811
  9234475255937  5851820557822  8701646291642  9260636669231  3906176074834
  8610921824641  3419965686317 12016768226567  9634973926834  5429560917931
  6518743570333  7805935709131 11372725282810 12085584053687  1122221236438
   814617652900  8361947587810 11001344428646  8924169624078  4861982062246
  9810542883219  8286671339376  7948149180192   741424433615  4033532358829
  7117896074949 10248643982439 10805278474240  5609952270605  7551696866185]
#[10819244775859 10565862368401  5525162404962 12587374917263  5202791629498
 11451260023320  6167762510264   969258730598  1620614212582  8164383763020
 11160951687412 11581936475923  2078307503062  9819548784350  7531697870095
  3858874667997  5251004132963  8876907010654   878965854556  9349782468027
 12029662303596 11862466051537 12839442427004  9475726610031  7173063490517
 11289698146414 11917375244411  9109666406241  9096433968748  7829731756212
  7507409326446  2058625147919  9996560154838  7825139282689  2910118473330
  7610015960581  2549892778782  2280179397854  1984455808838 11753147846647
  1943942453531  3694983028658  8308663114835  1929885942943  9851036969669
  1511609018206  5822346884818  4894857014168  9471903567215 10753714397234
  8752688548734  5479244962335  7928136841630  6095185715179  7620228956029
 11307498090731  3913092071412  6042689732336  8928684532157  9132502600844
  9332734359137  7927455360322  4629177750624  5229149313428  4110543605640
  3623883315160  3408940089999  3690808110939  7422380650443 10278925091205
  9322212121034  5840653144563  8746616975500  9350782836560  3894605543397
  8653143617371  3451162259512 12075201221183  9749625447326  5466429810363
  6624443817237  7838558432106 11455076114940 12152817323303  1134788756523
   840150711360  8397183624186 11129520229148  8983509334028  4916433689410
  9927694808706  8320084051200  7978193714944   731827355050  4012983599568
  7236346191637 10378230315129 10949489069183  5617583541586  7607947160609]
