[10000 10000 10000 10000    58 10000 10000 10000 10000 10000 10000  4015
 10000 10000 10000  8217 10000 10000 10000  7240 10000 10000 10000    58
 10000 10000 10000 10000     0 10000 10000  9545    13  6062     0 10000
 10000 10000     0 10000 10000 10000 10000 10000 10000 10000 10000 10000
 10000 10000  4295 10000 10000 10000 10000 10000 10000 10000 10000 10000
 10000 10000 10000  9558 10000 10000 10000 10000 10000  9357 10000 10000
 10000 10000 10000     0 10000 10000 10000    57 10000 10000   852 10000
 10000     0 10000 10000 10000    30     0     0 10000     0 10000 10000
 10000 10000 10000 10000 10000 10000 10000 10000 10000     0 10000 10000
 10000 10000 10000  1507 10000 10000  9997 10000 10000 10000 10000 10000
 10000 10000     0 10000     0 10000 10000     0 10000 10000     0 10000
  7497 10000  7793 10000     0 10000 10000 10000 10000 10000 10000 10000
 10000 10000 10000 10000 10000 10000 10000 10000 10000 10000 10000 10000
 10000 10000 10000  6127     0 10000     0 10000 10000 10000 10000 10000
 10000 10000 10000     0 10000 10000 10000   467 10000 10000 10000 10000
 10000 10000 10000 10000 10000 10000 10000 10000 10000 10000 10000 10000
   983 10000 10000 10000 10000 10000 10000  2649 10000 10000 10000 10000
 10000 10000 10000 10000 10000 10000 10000 10000 10000 10000 10000 10000
 10000 10000 10000 10000 10000 10000 10000     0  2070 10000 10000 10000
     0  8914 10000 10000 10000  9968 10000 10000 10000 10000 10000 10000
 10000 10000 10000 10000 10000 10000   489 10000 10000 10000 10000 10000
 10000 10000 10000 10000 10000 10000 10000 10000 10000 10000 10000 10000
     0 10000 10000 10000 10000 10000     0 10000 10000 10000 10000 10000
 10000  9705 10000     0 10000 10000 10000 10000 10000 10000 10000     0
 10000 10000 10000     0 10000 10000 10000 10000     0 10000 10000 10000
 10000 10000 10000 10000 10000 10000 10000 10000 10000 10000 10000 10000
 10000 10000 10000 10000 10000  4057 10000 10000 10000 10000 10000     0
 10000 10000 10000 10000 10000     0  9097 10000 10000 10000 10000 10000
 10000 10000 10000 10000 10000 10000 10000 10000 10000 10000 10000     0
 10000 10000 10000 10000 10000 10000 10000 10000 10000 10000 10000    12
  2970 10000   369 10000     0 10000 10000  8329 10000 10000 10000     0
 10000 10000 10000     0     0 10000 10000 10000 10000 10000 10000 10000
     0  8875  7169 10000     0 10000 10000 10000 10000 10000 10000 10000
 10000 10000 10000     0  9889  9999 10000     0 10000 10000   695 10000
 10000 10000 10000     0  8527 10000 10000 10000 10000 10000 10000 10000
     0   279 10000 10000 10000 10000 10000 10000 10000     0 10000 10000
 10000 10000     0 10000     0 10000 10000     0 10000 10000 10000 10000
 10000 10000     0 10000 10000 10000 10000 10000 10000 10000 10000     0
 10000 10000 10000 10000 10000 10000 10000 10000     0 10000    41 10000
 10000 10000 10000 10000 10000 10000 10000 10000 10000 10000 10000 10000
     0 10000 10000 10000     0 10000 10000     0 10000 10000     0  9999
 10000 10000 10000     0 10000 10000 10000 10000   197  9511    30 10000
     0  7739 10000 10000 10000 10000 10000 10000 10000 10000 10000 10000
 10000     0     5 10000 10000 10000 10000     0 10000 10000 10000  9749
  8145 10000 10000 10000  1732  4060 10000 10000 10000 10000 10000  9515
 10000 10000 10000     0 10000 10000 10000 10000     0 10000 10000 10000
     0     0     0 10000 10000 10000 10000 10000 10000     0  6729 10000
     0 10000 10000 10000     0 10000 10000 10000 10000 10000 10000 10000
 10000     0 10000 10000 10000 10000 10000 10000 10000 10000 10000 10000
 10000 10000 10000 10000 10000 10000 10000  2525 10000 10000 10000 10000
 10000     0 10000 10000 10000 10000 10000 10000 10000  9999 10000 10000
 10000 10000 10000 10000 10000  3536 10000     0 10000 10000 10000     0
 10000 10000 10000 10000 10000 10000 10000 10000 10000 10000 10000     0
     0 10000     0 10000 10000 10000 10000  9983     0 10000 10000 10000
 10000 10000 10000 10000 10000 10000 10000 10000 10000 10000 10000   127
 10000 10000 10000 10000     0 10000     0     0 10000 10000 10000 10000
 10000 10000  3514 10000 10000 10000 10000 10000 10000 10000     0 10000
  8136    58 10000     0  1213  8767 10000     0     0 10000  9787 10000
  6056 10000 10000 10000 10000 10000 10000     0 10000     0 10000  1006
  9902  3506     0 10000 10000 10000 10000 10000 10000     0 10000 10000
 10000  9603  6635 10000 10000 10000 10000 10000   348 10000 10000 10000
     0     0  9309 10000 10000 10000     0 10000 10000 10000 10000 10000
 10000 10000   318 10000 10000 10000 10000 10000 10000     0 10000 10000
 10000 10000 10000 10000     0 10000  1115 10000 10000 10000     0 10000
 10000 10000 10000 10000     0 10000     0 10000 10000 10000  4212 10000
 10000 10000 10000  9403 10000 10000 10000     0 10000 10000 10000 10000
 10000     7 10000 10000     0 10000 10000   632 10000 10000 10000 10000
  8934 10000 10000 10000 10000 10000 10000 10000 10000 10000     0 10000
 10000 10000 10000 10000 10000 10000 10000 10000 10000 10000  3558 10000
 10000 10000 10000 10000 10000 10000 10000     0     0 10000 10000 10000
 10000 10000 10000 10000 10000 10000 10000 10000 10000 10000 10000 10000
 10000 10000 10000 10000 10000 10000 10000 10000 10000 10000 10000 10000
 10000 10000 10000 10000 10000 10000     0 10000 10000 10000 10000 10000
     0 10000 10000 10000     0 10000     0 10000 10000 10000 10000 10000
 10000     0 10000 10000 10000 10000 10000 10000     0 10000 10000     0
 10000     0 10000 10000 10000 10000 10000 10000  9328     0 10000 10000
 10000 10000 10000     0   253 10000 10000 10000 10000 10000 10000 10000
 10000 10000 10000 10000 10000 10000 10000 10000 10000 10000 10000     0
 10000 10000  7979 10000 10000 10000 10000 10000  1452 10000 10000 10000
 10000  3615 10000 10000 10000 10000 10000 10000     0 10000 10000 10000
 10000 10000  9609 10000 10000 10000 10000 10000 10000 10000 10000 10000
 10000     0 10000 10000 10000 10000 10000     0 10000     0 10000 10000
     0 10000 10000 10000 10000   307 10000  7644 10000 10000 10000 10000
 10000 10000 10000 10000 10000 10000 10000 10000     0 10000 10000     0
  1397 10000     0 10000 10000 10000 10000 10000 10000 10000  9034 10000
 10000 10000 10000     0     0 10000 10000 10000 10000 10000 10000     0
  8349 10000 10000 10000  1774 10000 10000 10000 10000     0   926 10000
 10000 10000 10000  4394 10000   715 10000 10000 10000 10000   226 10000
 10000 10000 10000  6780 10000 10000 10000  9810 10000 10000 10000 10000
  1241 10000 10000     0 10000 10000 10000 10000 10000 10000 10000 10000
     0 10000 10000 10000 10000     0 10000   810 10000 10000 10000  8756
     0 10000 10000 10000 10000 10000 10000 10000 10000 10000   877 10000
 10000 10000 10000 10000  1936 10000 10000 10000 10000 10000 10000     0
 10000 10000 10000 10000 10000 10000 10000 10000 10000 10000 10000 10000
     0 10000  9973  9328 10000 10000 10000 10000 10000     0 10000 10000
     0 10000 10000 10000  8551 10000 10000 10000 10000 10000 10000 10000
 10000 10000 10000 10000 10000 10000 10000 10000 10000 10000     0 10000
 10000 10000 10000 10000 10000 10000 10000  7488 10000 10000 10000 10000
 10000 10000 10000 10000 10000     0  2338 10000 10000  9950 10000 10000
     1     0 10000 10000 10000 10000 10000 10000 10000 10000 10000 10000
 10000 10000     0 10000 10000 10000     0     0 10000 10000 10000     0
 10000 10000 10000  8226 10000     0 10000 10000 10000 10000 10000     0
 10000     0 10000 10000 10000 10000 10000     0 10000  6148 10000  1905
 10000 10000 10000 10000 10000 10000     0 10000 10000 10000  2773 10000
 10000     0     0 10000     0 10000 10000     0 10000 10000     0 10000
 10000 10000 10000  9935 10000  9998     0 10000 10000 10000 10000  9028
 10000 10000 10000     0  2521 10000 10000 10000 10000 10000     0     0
 10000 10000 10000 10000 10000 10000 10000 10000 10000 10000 10000    30
 10000 10000 10000 10000     0 10000 10000     0  5900     0 10000     0
 10000 10000 10000     0 10000 10000 10000 10000 10000 10000 10000 10000
  9980 10000 10000 10000 10000    67 10000 10000 10000 10000 10000 10000
 10000 10000 10000 10000     0 10000 10000     0    65     0    57 10000
 10000 10000 10000 10000 10000  4936 10000 10000 10000 10000 10000 10000
 10000 10000 10000 10000 10000 10000 10000 10000 10000 10000 10000 10000
 10000 10000     0 10000     0 10000 10000 10000 10000 10000 10000 10000
   896 10000 10000 10000 10000 10000 10000 10000 10000 10000 10000 10000
 10000 10000 10000 10000 10000     0     0 10000 10000 10000 10000 10000
 10000 10000 10000 10000 10000 10000  7860 10000 10000    22 10000 10000
 10000 10000 10000 10000 10000 10000 10000     0 10000   479 10000 10000
 10000  9775 10000 10000     0     0  7918 10000 10000 10000     0 10000
 10000 10000  6343 10000 10000     0 10000 10000 10000 10000 10000 10000
     0 10000 10000 10000  1067 10000 10000     0 10000   695 10000 10000
 10000 10000 10000 10000 10000     0  2096 10000 10000 10000     0     0
     0 10000 10000 10000 10000 10000  4639 10000 10000 10000 10000  5001
 10000 10000     0 10000 10000 10000 10000 10000   271 10000     0 10000
 10000 10000 10000 10000 10000 10000 10000  8136 10000     0 10000 10000
 10000 10000 10000  8489 10000 10000 10000 10000 10000 10000 10000 10000
   195 10000     0 10000 10000 10000 10000 10000 10000 10000 10000 10000
 10000 10000 10000 10000     0 10000 10000 10000     0 10000    37 10000
 10000     0 10000     0 10000 10000 10000 10000 10000     0 10000   498
 10000 10000 10000 10000 10000 10000 10000     0 10000 10000 10000 10000
 10000 10000 10000 10000  3502 10000 10000   468 10000 10000 10000 10000
 10000 10000 10000 10000 10000 10000 10000 10000 10000 10000 10000 10000
 10000 10000 10000 10000 10000 10000 10000 10000 10000 10000 10000  1378
 10000 10000    13 10000 10000 10000     0  3890 10000     0 10000 10000
 10000 10000 10000 10000 10000 10000 10000  6222 10000 10000 10000 10000
 10000     0 10000 10000 10000 10000 10000 10000  5884 10000 10000 10000
 10000 10000 10000 10000 10000 10000 10000 10000 10000 10000 10000 10000
 10000 10000 10000 10000 10000 10000 10000 10000 10000  2397 10000 10000
 10000 10000 10000 10000 10000 10000 10000 10000 10000 10000 10000 10000
 10000 10000 10000 10000 10000 10000  8929 10000 10000 10000   632 10000
 10000 10000 10000 10000 10000 10000 10000 10000 10000 10000 10000 10000
 10000 10000 10000 10000     0 10000 10000 10000 10000  6483 10000 10000
 10000  2568     0 10000 10000 10000 10000 10000  9970     0 10000 10000
     0 10000 10000  9110     0  6473 10000  9967 10000  5534 10000 10000
 10000 10000 10000 10000  3003 10000     0 10000 10000 10000     0 10000
 10000 10000 10000 10000 10000   527 10000     0 10000 10000     0 10000
 10000 10000     0 10000   701 10000 10000 10000 10000 10000     0 10000
 10000 10000 10000 10000 10000 10000 10000 10000 10000 10000 10000 10000
 10000 10000 10000 10000 10000  7467  6362 10000 10000 10000 10000   355
 10000 10000 10000 10000 10000 10000 10000  3915  8812 10000 10000 10000
 10000 10000 10000 10000 10000 10000 10000  5769 10000 10000 10000 10000
 10000 10000     0 10000 10000 10000 10000  7597 10000 10000 10000  9998
 10000  1244 10000 10000 10000 10000 10000 10000 10000 10000 10000 10000
 10000 10000 10000 10000     0     0 10000 10000 10000 10000 10000 10000
 10000  8055 10000 10000 10000 10000 10000 10000 10000 10000 10000 10000
 10000 10000     0 10000     0 10000 10000     0  3892 10000 10000 10000
 10000 10000 10000 10000     0 10000 10000     0 10000     0 10000 10000
 10000 10000 10000 10000  9992 10000   679   926 10000     0     0 10000
 10000 10000 10000     0 10000 10000 10000     0 10000 10000  9227     0
 10000 10000 10000 10000 10000 10000     0 10000     0 10000 10000 10000
 10000 10000 10000 10000 10000 10000 10000 10000 10000 10000 10000 10000
 10000 10000 10000 10000 10000 10000 10000  9950     0 10000  9748  4616
 10000 10000     0 10000 10000 10000 10000     0     0 10000 10000 10000
  4738     0 10000 10000 10000 10000 10000 10000 10000 10000 10000 10000
 10000 10000 10000 10000     0 10000 10000 10000 10000 10000 10000 10000
 10000 10000     0     0 10000 10000 10000 10000 10000 10000 10000 10000
 10000 10000 10000 10000     0 10000 10000     0 10000 10000 10000 10000
 10000     0 10000 10000 10000 10000 10000 10000     0 10000 10000 10000
 10000 10000 10000 10000 10000 10000 10000 10000 10000 10000  9985 10000
 10000 10000 10000 10000     0 10000 10000 10000 10000 10000 10000 10000
 10000     0 10000     0 10000 10000 10000     0 10000    23 10000    82
 10000 10000 10000 10000 10000 10000 10000 10000 10000 10000     0 10000
 10000  9955 10000     5 10000 10000 10000 10000 10000 10000     0 10000
 10000 10000     0 10000 10000 10000 10000 10000 10000 10000 10000     0
 10000 10000 10000 10000 10000 10000 10000 10000 10000 10000 10000   307
 10000 10000 10000 10000 10000 10000  1094 10000 10000 10000 10000 10000
 10000 10000 10000 10000 10000 10000 10000  1663 10000 10000 10000     0
 10000   323 10000 10000 10000     0     0 10000     0     0 10000  9623
 10000     0 10000  3461 10000  3664     0 10000 10000 10000  9930  3001
 10000 10000 10000 10000 10000 10000 10000     0 10000    88 10000  9895
 10000 10000 10000 10000 10000 10000 10000  5278 10000 10000     0 10000
 10000 10000 10000 10000 10000 10000 10000 10000 10000 10000 10000 10000
 10000     0 10000  4950 10000   622 10000 10000     0 10000 10000     0
 10000 10000 10000 10000 10000 10000 10000 10000 10000 10000 10000 10000
  9861    20 10000 10000 10000 10000 10000 10000 10000 10000 10000 10000
 10000     0 10000 10000 10000 10000 10000 10000 10000 10000 10000     0
     0 10000 10000 10000 10000 10000 10000 10000 10000 10000 10000     0
 10000 10000 10000 10000 10000 10000     0 10000 10000 10000 10000 10000
 10000 10000 10000 10000 10000 10000     0 10000 10000 10000 10000 10000
 10000 10000 10000 10000  8467 10000 10000  6335 10000 10000 10000 10000
 10000 10000 10000  9107 10000   692 10000 10000 10000 10000 10000 10000
  8458     0 10000 10000 10000 10000 10000  5578 10000 10000  2757 10000
 10000 10000 10000 10000 10000 10000     0 10000   336 10000 10000 10000
 10000  9992     0 10000 10000 10000 10000 10000  1103 10000 10000 10000
 10000 10000     0 10000 10000 10000  5315 10000 10000 10000 10000 10000
 10000 10000 10000 10000 10000 10000 10000     0 10000 10000 10000 10000
 10000 10000 10000 10000  5787     0  3186     0 10000 10000 10000 10000
 10000 10000 10000 10000 10000  4821 10000 10000 10000 10000 10000 10000
 10000 10000 10000 10000 10000 10000 10000  9064 10000 10000 10000 10000
 10000   212 10000 10000 10000 10000 10000     0 10000  4207 10000 10000
 10000 10000     0 10000 10000 10000 10000 10000  5233 10000 10000 10000
 10000 10000 10000 10000     0     0   152 10000 10000 10000     0 10000
  3945 10000 10000 10000 10000 10000 10000 10000 10000 10000 10000 10000
 10000 10000 10000 10000 10000 10000 10000 10000 10000 10000     0 10000
 10000     0 10000 10000 10000 10000 10000 10000 10000 10000 10000 10000
 10000 10000 10000     0 10000 10000 10000     0     0  3007     0  9749
 10000 10000 10000 10000  7551 10000 10000 10000 10000 10000 10000 10000
 10000     0     1 10000     0 10000 10000 10000 10000 10000 10000 10000
 10000 10000 10000 10000 10000 10000 10000 10000 10000 10000 10000 10000
     0 10000 10000 10000 10000    58 10000 10000 10000 10000 10000 10000
 10000    37 10000 10000 10000 10000     3 10000 10000  6908 10000 10000
 10000 10000 10000 10000     0 10000  4115 10000 10000 10000 10000 10000
 10000 10000 10000 10000 10000 10000 10000 10000 10000 10000 10000 10000
     0 10000 10000 10000     0 10000 10000 10000 10000  8142 10000  8392
    94 10000 10000 10000 10000 10000 10000     0 10000  2712 10000 10000
 10000 10000 10000 10000 10000 10000 10000 10000 10000 10000 10000 10000
 10000 10000 10000 10000 10000     0    13 10000 10000 10000 10000  4888
  2171 10000 10000 10000 10000 10000 10000 10000 10000 10000 10000 10000
 10000  7116 10000 10000 10000     0 10000   270 10000  4516 10000 10000
 10000 10000 10000 10000 10000   415 10000 10000 10000 10000 10000 10000
  4029 10000     0     0 10000 10000 10000 10000 10000     0 10000 10000
  9994 10000 10000  4827  1086     0 10000 10000 10000 10000 10000 10000
     0 10000 10000 10000 10000 10000 10000 10000     0   827 10000 10000
 10000 10000 10000   656 10000 10000  9980 10000     0 10000 10000 10000
 10000 10000 10000 10000 10000 10000 10000   941 10000 10000 10000 10000
 10000 10000     0 10000 10000 10000 10000 10000     0 10000     0 10000
 10000 10000 10000 10000 10000 10000 10000 10000 10000 10000 10000  5896
 10000 10000   103 10000 10000 10000 10000   320 10000 10000     0 10000
 10000 10000 10000 10000 10000 10000 10000  3063 10000     0 10000 10000
     0 10000 10000 10000 10000 10000 10000 10000  5611     0 10000 10000
     0 10000 10000 10000 10000 10000 10000 10000 10000 10000 10000 10000
 10000     0 10000 10000 10000 10000  9944 10000 10000 10000 10000  9978
   664 10000     0 10000     0 10000 10000 10000 10000 10000 10000 10000
 10000     0 10000 10000 10000 10000 10000 10000 10000 10000   243 10000
 10000 10000 10000 10000 10000 10000 10000 10000   278     0     0 10000
 10000 10000 10000 10000 10000 10000 10000 10000  2689 10000   305 10000
 10000     0 10000 10000 10000 10000 10000  7448 10000 10000     0 10000
 10000  1209 10000 10000 10000 10000  2090 10000 10000 10000   392 10000
 10000 10000 10000 10000 10000 10000 10000 10000 10000 10000   932 10000
     0 10000 10000     0 10000 10000 10000 10000     0     0     0 10000
 10000     0     0 10000 10000 10000 10000 10000     0 10000 10000 10000
 10000  9631 10000     0 10000 10000 10000     0 10000 10000 10000 10000
 10000 10000  7958 10000 10000 10000 10000 10000 10000 10000 10000 10000
 10000 10000 10000 10000 10000 10000 10000 10000 10000 10000 10000 10000
 10000 10000 10000     0 10000 10000 10000 10000 10000 10000 10000 10000
 10000 10000 10000 10000 10000     0 10000 10000     0 10000 10000 10000
 10000 10000     0 10000 10000     0 10000 10000 10000 10000 10000     0
 10000 10000 10000     0     0 10000 10000 10000 10000     0     0     0
 10000 10000 10000 10000  7011     0 10000     0 10000 10000 10000 10000
 10000 10000 10000 10000 10000 10000 10000 10000 10000 10000 10000 10000
 10000     0     0 10000 10000 10000 10000 10000 10000 10000 10000 10000
 10000 10000 10000 10000 10000 10000 10000 10000 10000 10000 10000     0
 10000 10000 10000 10000     0 10000 10000 10000 10000 10000 10000 10000
 10000 10000 10000 10000 10000 10000 10000 10000 10000     0 10000     0
  4950 10000 10000 10000 10000     0 10000 10000 10000 10000 10000 10000
  2958 10000 10000 10000 10000 10000     0 10000     0     0 10000  7895
     0 10000 10000 10000 10000     0 10000  9631  1650     0 10000     0
 10000 10000 10000 10000   435 10000 10000 10000 10000 10000  7984 10000
 10000 10000 10000     5 10000 10000 10000 10000     0 10000 10000 10000
 10000 10000     0  1599 10000 10000 10000 10000 10000 10000     0 10000
 10000 10000  1392 10000     0 10000  7445 10000 10000 10000 10000 10000
 10000 10000 10000 10000 10000 10000 10000 10000 10000 10000     0 10000
 10000 10000     0 10000 10000 10000 10000 10000 10000 10000 10000 10000
     0 10000 10000 10000 10000 10000 10000  2525 10000 10000 10000 10000
 10000 10000 10000 10000 10000 10000 10000 10000 10000 10000     0 10000
     0 10000 10000 10000 10000  8144 10000     0 10000   782 10000 10000
 10000 10000 10000 10000     0 10000 10000 10000 10000 10000 10000 10000
  5407     0 10000 10000 10000 10000    49 10000 10000 10000 10000 10000
 10000 10000 10000 10000 10000 10000 10000 10000 10000 10000    23  2069
 10000 10000 10000 10000     0 10000 10000 10000     0 10000 10000 10000
 10000 10000 10000 10000     0 10000 10000 10000 10000 10000 10000 10000
 10000 10000 10000 10000 10000 10000 10000 10000     0 10000  6327     0
 10000 10000 10000 10000 10000  3075 10000  5589  8551  9935 10000 10000
 10000   302 10000 10000 10000 10000 10000 10000 10000 10000    58 10000
 10000 10000 10000 10000 10000 10000 10000 10000 10000 10000 10000 10000
 10000 10000 10000 10000 10000 10000 10000 10000 10000 10000 10000 10000
 10000 10000 10000 10000 10000     0 10000     0 10000 10000 10000 10000
 10000 10000 10000 10000     0 10000 10000 10000 10000 10000 10000 10000
 10000 10000 10000 10000 10000 10000   473 10000     0   303 10000 10000
 10000 10000 10000     0 10000 10000 10000 10000 10000 10000     0 10000
 10000 10000 10000 10000 10000 10000     0 10000 10000 10000    43 10000
     0 10000 10000   364 10000 10000 10000 10000  6737 10000  8886 10000
 10000 10000  5814 10000 10000 10000 10000 10000 10000 10000 10000 10000
 10000     0 10000 10000 10000  9406 10000 10000 10000     0 10000 10000
 10000 10000     0     0 10000 10000 10000 10000 10000 10000 10000     0
 10000 10000 10000 10000  9990 10000 10000     0     0 10000 10000 10000
 10000 10000 10000 10000  7793 10000 10000 10000     0 10000 10000  9949
 10000 10000 10000 10000 10000 10000 10000 10000 10000 10000 10000     0
 10000 10000  7358 10000 10000 10000  9794 10000 10000 10000  5138 10000
 10000 10000     0 10000 10000 10000 10000 10000 10000 10000 10000 10000
 10000     0 10000 10000 10000  9705 10000 10000     0 10000     0     0
 10000 10000 10000 10000  8827 10000 10000 10000 10000 10000 10000 10000
 10000 10000 10000 10000 10000 10000 10000 10000 10000 10000  3942 10000
  9834 10000 10000 10000 10000 10000 10000 10000 10000 10000 10000 10000
 10000 10000 10000 10000 10000 10000 10000     0 10000 10000 10000 10000
 10000 10000  9843 10000 10000 10000 10000 10000 10000 10000 10000 10000
 10000     0 10000  9973 10000 10000 10000 10000 10000 10000 10000 10000
     0 10000 10000 10000 10000 10000 10000 10000 10000 10000 10000 10000
 10000 10000 10000 10000 10000 10000 10000 10000 10000 10000 10000 10000
 10000 10000 10000 10000 10000 10000 10000 10000     0 10000 10000     0
 10000 10000 10000 10000     0 10000 10000  8225 10000 10000 10000 10000
 10000 10000 10000 10000  9990 10000 10000 10000 10000 10000 10000     0
  9669 10000 10000  9950 10000 10000  9998 10000 10000 10000 10000 10000
 10000 10000 10000   758 10000 10000 10000 10000    20  9816 10000 10000
 10000 10000 10000 10000 10000 10000 10000 10000   333 10000 10000 10000
 10000 10000 10000     0 10000     0 10000     0    67 10000 10000 10000
 10000 10000     0 10000     0     0 10000 10000 10000 10000 10000 10000
 10000 10000 10000     1 10000 10000 10000 10000 10000 10000  1106 10000
 10000     0 10000 10000 10000 10000 10000 10000 10000 10000 10000 10000
     0 10000 10000 10000 10000 10000 10000 10000  2715 10000 10000 10000
 10000  9970 10000 10000 10000  8519 10000 10000 10000 10000 10000 10000
 10000 10000 10000 10000 10000 10000     0 10000     0 10000  3615 10000
 10000 10000 10000 10000 10000 10000 10000 10000 10000 10000 10000  9868
   252 10000 10000 10000     0 10000 10000  9782 10000 10000  6795 10000
 10000 10000 10000 10000 10000 10000 10000 10000 10000 10000 10000 10000
     0 10000 10000 10000 10000 10000 10000 10000 10000 10000 10000 10000
 10000 10000 10000 10000     0 10000 10000 10000 10000 10000 10000 10000
  8615   652 10000 10000     0 10000 10000  9861 10000 10000 10000 10000
  9860 10000 10000 10000 10000 10000 10000 10000 10000 10000 10000 10000
     0 10000 10000 10000 10000 10000     1 10000     0 10000     0 10000
 10000 10000 10000   775 10000 10000 10000 10000 10000 10000 10000 10000
 10000 10000 10000 10000 10000 10000 10000     0  9973 10000 10000 10000
     0 10000 10000 10000     0 10000 10000 10000 10000 10000 10000 10000
  3260 10000  3968 10000 10000  4295 10000 10000 10000 10000 10000     0
     0     0 10000 10000 10000 10000 10000  8697 10000 10000 10000 10000
 10000 10000     0   176 10000 10000 10000 10000 10000 10000 10000     0
 10000 10000 10000 10000 10000  9821     0 10000 10000 10000 10000 10000
 10000 10000 10000  5266 10000 10000     0 10000 10000 10000 10000  6360
 10000  7401 10000 10000 10000 10000     3     0 10000     0 10000 10000
 10000 10000  8200  9865 10000 10000 10000 10000     0     0 10000 10000
     0  5629 10000     0 10000 10000 10000 10000 10000 10000 10000  9223
 10000 10000 10000     0 10000 10000 10000     0 10000 10000 10000 10000
 10000     0 10000 10000 10000    68 10000 10000 10000 10000 10000     0
 10000 10000 10000 10000 10000 10000 10000 10000 10000 10000 10000 10000
 10000 10000 10000 10000 10000 10000  2954 10000 10000  8276 10000 10000
 10000 10000 10000 10000 10000 10000 10000 10000 10000     0 10000 10000
 10000 10000 10000 10000 10000 10000 10000 10000 10000 10000 10000 10000
 10000 10000 10000     0 10000 10000 10000 10000 10000 10000  3384     0
  7096 10000 10000 10000 10000 10000 10000 10000  9639 10000 10000 10000
 10000 10000 10000 10000 10000 10000     0     0     0     0 10000 10000
 10000 10000 10000 10000 10000 10000 10000     0 10000 10000 10000 10000
 10000 10000 10000 10000 10000 10000 10000 10000 10000 10000  9978 10000
 10000     0 10000 10000 10000 10000 10000     0    13  5551 10000 10000
 10000 10000 10000  3318 10000    49 10000 10000     0  6145     0 10000
 10000 10000 10000 10000 10000 10000  9047 10000 10000 10000 10000 10000
 10000 10000   219 10000 10000 10000  1020 10000 10000 10000     0     0
 10000 10000  6045 10000 10000 10000 10000     0   546 10000 10000     0
 10000 10000     0 10000     0 10000 10000 10000 10000  2371 10000 10000
 10000 10000 10000 10000     0     0 10000 10000 10000 10000  7160 10000
 10000 10000  4157 10000     0 10000 10000     0 10000 10000 10000    13
     0 10000 10000     0 10000 10000     0 10000 10000 10000     0 10000
  4396 10000 10000   185 10000  9940   298 10000 10000 10000  7601 10000
 10000     0 10000     0  9004 10000 10000 10000 10000 10000 10000 10000
  9969 10000  8784 10000 10000     0     0 10000     0 10000 10000 10000
 10000 10000 10000 10000   113 10000 10000 10000 10000 10000 10000 10000
     0 10000 10000 10000 10000 10000 10000 10000 10000 10000  6190 10000
 10000 10000 10000 10000 10000  6064 10000 10000 10000 10000     0 10000
 10000 10000 10000 10000 10000     0   803     0 10000 10000 10000 10000
 10000     0 10000 10000     0 10000     0 10000 10000 10000 10000 10000
 10000 10000 10000 10000 10000 10000 10000 10000 10000   271 10000 10000
     0 10000 10000 10000 10000 10000 10000 10000    35 10000 10000 10000
 10000 10000 10000 10000  2048  4665 10000 10000 10000     0 10000 10000
 10000 10000 10000 10000 10000 10000 10000 10000 10000 10000 10000 10000
 10000     0 10000 10000  9997 10000 10000 10000 10000     0 10000 10000
 10000 10000 10000 10000 10000 10000 10000 10000 10000 10000 10000 10000
 10000     0     0 10000 10000 10000     0 10000 10000 10000 10000 10000
 10000 10000 10000 10000 10000 10000 10000 10000 10000 10000 10000     0
 10000   496 10000 10000  8074 10000 10000 10000  1650 10000 10000 10000
 10000 10000     0     0 10000 10000 10000 10000 10000 10000 10000 10000
 10000 10000 10000 10000 10000     0 10000 10000 10000 10000 10000 10000
  9133 10000 10000     0 10000 10000 10000 10000 10000 10000     0 10000
     0 10000 10000     0   307 10000 10000 10000 10000     0 10000  8326
 10000 10000 10000 10000   182     0 10000 10000 10000 10000 10000 10000
     0 10000    23 10000 10000 10000 10000 10000 10000 10000 10000     0
 10000 10000 10000     0     0 10000 10000 10000 10000 10000 10000 10000
 10000 10000 10000 10000 10000 10000 10000 10000 10000 10000 10000     0
 10000 10000 10000 10000 10000 10000 10000 10000 10000 10000 10000  1457
     0     0 10000 10000 10000 10000     0 10000 10000 10000 10000    43
     0 10000 10000 10000 10000 10000 10000  4639 10000 10000 10000 10000
 10000 10000 10000 10000 10000 10000   326 10000 10000 10000  6656 10000
 10000 10000 10000    51     0 10000 10000 10000     0     0 10000 10000
 10000     0 10000  7680 10000 10000 10000 10000 10000 10000 10000   908
     0 10000  9981 10000 10000 10000 10000 10000 10000 10000  8506   640
 10000 10000  2742 10000 10000 10000 10000 10000     0  9561 10000 10000
 10000 10000 10000 10000 10000 10000 10000 10000     0  9479 10000 10000
 10000 10000 10000 10000 10000 10000 10000 10000 10000 10000 10000 10000
  5009 10000 10000 10000   613  1050 10000 10000 10000 10000 10000 10000
 10000  9902 10000   177 10000     0 10000 10000     1 10000 10000 10000
 10000 10000 10000 10000   522  9333   367 10000 10000  3254  6078 10000
 10000 10000 10000 10000 10000 10000 10000     0 10000 10000 10000 10000
 10000 10000 10000 10000 10000 10000     0 10000  8975 10000 10000 10000
     0 10000 10000  6845     0 10000 10000 10000 10000     0 10000 10000
 10000 10000 10000 10000  9591 10000     0 10000 10000 10000  9922     0
     0 10000   197 10000 10000 10000 10000 10000 10000 10000  1749 10000
 10000 10000 10000 10000 10000 10000 10000 10000     0 10000 10000     0
 10000 10000 10000 10000 10000 10000 10000 10000    20 10000 10000 10000
 10000 10000   428 10000 10000 10000 10000 10000  9816 10000     0 10000
     0 10000 10000  9996     0 10000 10000 10000 10000 10000 10000 10000
 10000     0 10000 10000 10000 10000 10000 10000  7350 10000 10000 10000
  9869 10000 10000 10000 10000   609 10000 10000 10000 10000 10000  5650
   235  9776 10000 10000 10000 10000 10000 10000     0 10000 10000 10000
 10000 10000 10000 10000 10000 10000 10000 10000 10000 10000 10000 10000
 10000 10000 10000 10000  8774 10000     0 10000     0 10000  9036  2180
 10000 10000    33 10000 10000 10000  5522 10000 10000 10000 10000 10000
 10000     0 10000 10000 10000 10000 10000 10000 10000 10000 10000 10000
 10000 10000 10000 10000     0 10000 10000 10000 10000  1827 10000 10000
 10000     1 10000 10000 10000 10000 10000 10000 10000 10000 10000  9983
 10000 10000 10000   388 10000     0 10000 10000 10000    20     0     0
 10000 10000 10000 10000     0     0     0 10000 10000 10000   138 10000
 10000 10000 10000 10000 10000 10000 10000 10000 10000 10000 10000 10000
 10000 10000 10000 10000 10000 10000 10000 10000     0 10000 10000 10000
 10000 10000 10000 10000     0    30  8359 10000  9871 10000 10000 10000
     0 10000 10000 10000 10000 10000 10000 10000 10000     0 10000 10000
 10000 10000     0 10000     0 10000 10000 10000 10000 10000    11 10000
 10000  8311 10000 10000 10000 10000 10000 10000 10000   492 10000 10000
 10000 10000     0   464 10000 10000  4420 10000 10000  9999 10000 10000
 10000     0 10000 10000  4923     0 10000 10000 10000 10000 10000 10000
     0 10000 10000 10000 10000 10000 10000 10000 10000     0  4791 10000
 10000    19     0  9296 10000 10000 10000 10000 10000     0 10000 10000
 10000 10000 10000 10000 10000 10000 10000 10000 10000     0 10000 10000
 10000     0  9788 10000 10000 10000 10000 10000     0     0 10000 10000
 10000 10000 10000 10000 10000  6087 10000 10000 10000 10000  7943     0
     0  3682 10000 10000     0 10000   336 10000 10000  3313 10000  2333
 10000 10000     0 10000 10000 10000 10000 10000 10000 10000  6858 10000
     0   414 10000 10000 10000  9999     0     0 10000 10000 10000 10000
  7570 10000     0 10000     0 10000 10000 10000  5893 10000 10000 10000
 10000 10000     5 10000 10000 10000 10000 10000 10000 10000 10000 10000
 10000 10000     0     0 10000 10000     0 10000 10000 10000 10000     0
 10000 10000     0 10000 10000 10000  6797 10000 10000 10000     0 10000
   290 10000 10000 10000 10000 10000     0 10000 10000 10000 10000 10000
  4144     0 10000 10000 10000 10000 10000 10000 10000 10000 10000 10000
 10000 10000 10000 10000     0  1245 10000 10000 10000   166 10000 10000
 10000 10000 10000   143 10000 10000 10000 10000 10000 10000 10000     0
 10000 10000 10000    53  9391 10000     0 10000   109 10000 10000 10000
     0 10000 10000 10000 10000  3338     0 10000 10000 10000 10000     0
 10000 10000 10000 10000 10000 10000 10000 10000 10000     0     0 10000
 10000 10000 10000 10000 10000 10000 10000 10000    63 10000 10000 10000
   146 10000 10000 10000 10000 10000  7609 10000 10000     0 10000 10000
  9996 10000 10000 10000 10000 10000 10000 10000 10000 10000 10000 10000
 10000 10000 10000 10000 10000 10000 10000 10000     0  5317     0  8930
 10000 10000 10000     0 10000 10000 10000 10000 10000 10000 10000 10000
 10000 10000 10000     0 10000     0 10000     0 10000 10000 10000   212
 10000 10000     0     0    94 10000 10000 10000 10000 10000 10000 10000
 10000 10000 10000 10000 10000 10000 10000  1047 10000 10000  9992 10000
 10000 10000 10000     0 10000     0     0 10000 10000 10000 10000  9107
 10000 10000 10000  9464 10000   442 10000 10000 10000 10000 10000 10000
 10000 10000 10000 10000 10000  6873 10000  9677 10000   902 10000 10000
 10000    96 10000 10000 10000 10000 10000 10000     0 10000     0 10000
 10000 10000 10000     0 10000 10000 10000 10000  4053 10000 10000 10000
 10000 10000 10000 10000 10000 10000 10000     0 10000     0 10000 10000
 10000 10000     0 10000 10000 10000 10000 10000 10000 10000 10000 10000
  1904     0  9936 10000 10000     0  6064 10000 10000 10000 10000     0
 10000 10000 10000 10000 10000     0 10000 10000 10000  9995 10000 10000
 10000   498 10000 10000 10000 10000  1670 10000 10000 10000 10000 10000
  8385     0 10000 10000  1306     0 10000 10000 10000 10000 10000 10000
 10000 10000 10000 10000 10000 10000  9876 10000 10000  8046  8093  9818
     0 10000 10000  6981  9228 10000     0  7873 10000 10000 10000 10000
     0 10000 10000 10000 10000 10000   333  5770 10000 10000 10000 10000
 10000 10000 10000 10000 10000 10000 10000   184 10000 10000 10000 10000
 10000 10000 10000 10000 10000 10000     0 10000 10000  7734 10000 10000
 10000 10000 10000 10000 10000 10000 10000 10000 10000 10000 10000 10000
  9772  9973 10000 10000 10000 10000 10000 10000 10000 10000     0 10000
 10000 10000  9533 10000 10000 10000 10000     0  5432 10000 10000     0
 10000 10000     0     1  7873 10000 10000     0 10000 10000 10000 10000
 10000     0 10000 10000 10000 10000     0   453     0     0 10000 10000
     0 10000 10000  2309  9585 10000 10000 10000 10000 10000 10000     1
 10000 10000    69 10000 10000 10000 10000     0 10000 10000     0 10000
     0     0 10000 10000 10000 10000 10000   317 10000 10000 10000 10000
 10000     0 10000 10000 10000 10000 10000   760 10000 10000 10000 10000
  6577 10000 10000 10000 10000 10000 10000 10000 10000 10000 10000 10000
 10000 10000     0     0 10000 10000    41 10000 10000 10000 10000 10000
    37 10000 10000 10000    48     0 10000 10000     0 10000 10000 10000
 10000 10000 10000 10000 10000 10000 10000 10000 10000 10000 10000 10000
 10000 10000 10000 10000 10000  9978 10000     0 10000  2934  2061 10000
     0 10000 10000 10000 10000 10000 10000 10000 10000     0 10000 10000
     0  6745 10000  6855 10000  9861 10000     0 10000 10000     0 10000
 10000     0 10000  1687 10000 10000 10000 10000 10000 10000 10000 10000
     0  1240 10000 10000 10000 10000 10000 10000     0 10000 10000 10000
 10000 10000 10000     3 10000     0     0 10000 10000 10000 10000     0
 10000 10000 10000 10000 10000 10000 10000 10000 10000 10000 10000 10000
 10000 10000  8485  9973 10000 10000     0 10000 10000     0 10000     0
 10000    96    49     0 10000 10000 10000 10000 10000   889  1792     0
 10000 10000  9773 10000 10000 10000 10000 10000 10000  8154 10000 10000
     0     0 10000     0     0 10000 10000     0 10000 10000 10000 10000
 10000 10000 10000 10000 10000     0 10000 10000     0 10000 10000     0
 10000     0     0 10000 10000 10000 10000 10000 10000   242 10000     0
 10000 10000 10000 10000 10000 10000 10000 10000 10000 10000 10000 10000
 10000   683 10000 10000 10000 10000 10000     0 10000 10000 10000 10000
  5898 10000 10000 10000 10000 10000 10000 10000 10000 10000 10000 10000
     0 10000 10000 10000   937 10000     0 10000 10000 10000     0 10000
 10000 10000 10000 10000 10000     0  9787 10000 10000 10000 10000 10000
 10000 10000 10000 10000     0 10000 10000  9725  8855 10000 10000 10000
     0 10000 10000 10000 10000 10000 10000 10000 10000     0 10000 10000
 10000 10000 10000     0 10000 10000 10000     0 10000 10000 10000 10000
 10000 10000     0 10000 10000 10000 10000 10000 10000 10000 10000     0
 10000 10000 10000 10000 10000 10000 10000 10000 10000    67  7721 10000
 10000 10000 10000 10000 10000 10000 10000 10000 10000 10000 10000 10000
 10000 10000     0 10000 10000 10000 10000 10000 10000 10000 10000     0
 10000 10000 10000  3877 10000 10000 10000 10000     0     0 10000 10000
     0     0 10000 10000 10000     0 10000 10000 10000 10000 10000 10000
     0 10000 10000 10000 10000 10000 10000     0 10000 10000 10000 10000
 10000 10000 10000     0 10000 10000 10000 10000 10000 10000 10000 10000
 10000 10000 10000 10000 10000 10000 10000 10000 10000 10000 10000 10000
 10000    35 10000 10000 10000 10000 10000 10000 10000 10000 10000     0
 10000 10000 10000     0  1125  9998 10000 10000 10000 10000     0     0
 10000 10000   706 10000 10000 10000 10000 10000     0 10000     0    64
 10000 10000 10000 10000 10000  9997 10000     0 10000     0 10000  9608
 10000 10000 10000 10000 10000 10000 10000 10000  1139 10000 10000 10000
     0 10000 10000 10000 10000 10000 10000 10000 10000 10000   310 10000
 10000 10000 10000 10000 10000 10000 10000 10000 10000 10000 10000 10000
 10000     0 10000 10000 10000 10000 10000 10000 10000 10000 10000 10000
 10000   103 10000 10000 10000 10000 10000 10000 10000 10000  6440 10000
 10000     0     0 10000 10000  7135    76 10000 10000 10000 10000 10000
 10000 10000 10000 10000 10000 10000 10000 10000 10000 10000     0 10000
 10000 10000  9955 10000 10000 10000 10000     0 10000  2683 10000     0
    38 10000 10000 10000 10000 10000 10000 10000 10000 10000 10000 10000
     0  1610 10000     0 10000 10000 10000 10000  1454     0 10000 10000
 10000 10000    23 10000 10000 10000 10000 10000 10000 10000 10000 10000
 10000 10000 10000 10000 10000   525 10000 10000  1010 10000 10000 10000
 10000 10000 10000     0     0 10000 10000     0 10000 10000 10000 10000
 10000 10000 10000  1118 10000 10000 10000 10000 10000 10000   574 10000
 10000 10000 10000 10000 10000  9955 10000 10000     0 10000     0 10000
  6735 10000 10000 10000 10000 10000 10000 10000 10000 10000 10000 10000
 10000 10000 10000 10000  9978 10000  5488 10000 10000 10000     0 10000
 10000 10000     0 10000     0 10000 10000 10000 10000 10000 10000 10000
 10000 10000     0  6634 10000     0 10000 10000 10000 10000 10000 10000
 10000 10000 10000     0 10000 10000 10000 10000 10000     0 10000 10000
 10000 10000 10000 10000    89 10000 10000 10000 10000 10000 10000 10000
     0 10000 10000  9851     0 10000 10000 10000 10000 10000 10000 10000
 10000 10000 10000     0 10000     0 10000 10000 10000 10000 10000 10000
 10000 10000 10000  3959 10000 10000     0 10000 10000 10000 10000 10000
 10000 10000     0 10000 10000 10000  9560 10000 10000 10000 10000 10000
 10000 10000 10000 10000     0 10000 10000 10000 10000 10000 10000 10000
 10000 10000 10000 10000 10000 10000     0 10000 10000  1033 10000 10000
 10000 10000 10000 10000 10000 10000 10000 10000  9992 10000 10000     0
 10000 10000 10000 10000 10000 10000 10000 10000  7841 10000 10000 10000
     0 10000 10000 10000 10000  9977 10000     0 10000 10000 10000 10000
 10000 10000  1924 10000  7000 10000     0     0 10000 10000 10000 10000
     0 10000  5536 10000 10000     0 10000  3249 10000 10000     0     0
     0 10000 10000 10000 10000  6401 10000 10000 10000 10000 10000     0
 10000 10000 10000 10000 10000 10000 10000 10000 10000 10000 10000     0
 10000     0     0 10000 10000 10000 10000 10000 10000 10000     0 10000
 10000 10000 10000 10000 10000     0     0 10000 10000 10000 10000 10000
 10000 10000 10000 10000  6064 10000     0 10000     0     0 10000 10000
     0 10000 10000 10000 10000 10000 10000 10000 10000 10000 10000    20
   795     0 10000 10000 10000 10000 10000 10000 10000 10000 10000 10000
 10000 10000 10000 10000 10000 10000     0 10000 10000 10000 10000 10000
 10000 10000 10000 10000 10000 10000 10000 10000 10000 10000 10000 10000
 10000 10000 10000 10000 10000 10000 10000 10000     0 10000 10000     0
 10000 10000     0 10000     0 10000 10000  1924     0 10000 10000 10000
 10000 10000 10000 10000 10000 10000 10000     0 10000 10000  9968 10000
 10000     0 10000 10000 10000   102  9866 10000 10000 10000 10000     0
 10000 10000 10000 10000 10000 10000 10000 10000 10000 10000 10000 10000
  6260 10000 10000 10000 10000 10000 10000 10000 10000 10000     0   964
 10000 10000 10000 10000   661 10000  7046 10000 10000 10000 10000 10000
 10000 10000 10000 10000 10000     0 10000 10000 10000   962  4660 10000
 10000 10000  5433 10000 10000 10000 10000 10000 10000 10000 10000 10000
 10000 10000  9997 10000 10000 10000 10000 10000 10000 10000  3147  7231
 10000 10000 10000 10000 10000   697 10000 10000 10000 10000 10000 10000
  4081 10000 10000 10000 10000 10000 10000     0  2399 10000 10000 10000
 10000 10000 10000     0 10000 10000 10000 10000 10000  6753 10000 10000
 10000 10000 10000     0 10000 10000 10000 10000 10000 10000 10000 10000
 10000 10000 10000    11 10000 10000  9588 10000 10000     0     0 10000
  8060  7647     0 10000 10000 10000 10000  2905 10000 10000 10000 10000
  1844 10000 10000 10000 10000 10000     0 10000     1 10000 10000 10000
 10000 10000 10000     0 10000 10000 10000 10000     0 10000 10000     0
     0 10000 10000 10000 10000 10000 10000 10000 10000   615 10000 10000
     0 10000 10000     0 10000 10000 10000 10000 10000 10000 10000 10000
 10000 10000 10000 10000 10000 10000 10000     0 10000 10000 10000 10000
  9782 10000 10000 10000 10000     0 10000     0 10000 10000 10000  2174
 10000 10000 10000 10000 10000 10000  3446 10000 10000 10000 10000 10000
 10000 10000 10000 10000     0 10000     0 10000     0 10000 10000 10000
  9985 10000 10000 10000 10000 10000 10000 10000 10000     0 10000     0
     0 10000     0 10000 10000 10000 10000 10000 10000  8522 10000 10000
 10000     0 10000   458 10000 10000     0 10000 10000 10000 10000     1
 10000 10000 10000 10000 10000 10000     0 10000 10000 10000 10000  3048
 10000  3667 10000 10000 10000     0 10000 10000     0 10000 10000 10000
  7595     0 10000 10000     0  6251 10000 10000 10000 10000 10000 10000
 10000     0 10000 10000 10000 10000 10000 10000     1 10000 10000 10000
  3222 10000 10000 10000     0 10000 10000 10000 10000 10000 10000 10000
 10000 10000     0 10000 10000 10000  9980     0 10000 10000 10000 10000
 10000 10000 10000     0 10000     0 10000 10000     0 10000  7642 10000
  9676  7858 10000 10000 10000 10000 10000 10000 10000 10000 10000  4802
     0 10000 10000 10000 10000 10000 10000     0 10000 10000  6516 10000
 10000 10000 10000 10000 10000  9794 10000 10000     0 10000 10000 10000
 10000 10000 10000     0 10000 10000 10000 10000 10000 10000 10000 10000
 10000 10000 10000 10000     0 10000 10000 10000 10000 10000 10000 10000
  2324     0 10000 10000 10000 10000 10000 10000    35 10000 10000 10000
 10000 10000 10000 10000 10000  2683   845  9885 10000     0 10000 10000
 10000 10000 10000    61 10000  3048 10000 10000 10000     0 10000     0
 10000 10000 10000 10000 10000 10000     0 10000 10000     1 10000 10000
 10000 10000 10000  8449 10000 10000 10000 10000  5036 10000 10000 10000
 10000 10000     0 10000 10000 10000 10000     0 10000   186 10000 10000
     0 10000   752 10000 10000 10000 10000 10000 10000     0 10000 10000
 10000 10000 10000 10000 10000  9537 10000 10000 10000 10000 10000 10000
 10000  3136 10000     0 10000 10000 10000 10000 10000 10000 10000     0
 10000 10000 10000 10000 10000 10000 10000     0 10000 10000 10000 10000
     0 10000     0 10000     0 10000 10000  8733     0  9719 10000 10000
 10000 10000 10000 10000 10000 10000     0 10000 10000 10000 10000 10000
 10000 10000 10000 10000 10000     0 10000 10000    16 10000 10000    43
     0 10000  1663 10000 10000 10000 10000 10000 10000 10000 10000 10000
 10000 10000 10000 10000   399 10000 10000     0 10000 10000 10000 10000
 10000 10000 10000 10000 10000 10000 10000 10000   418 10000 10000  9911
 10000 10000 10000     0 10000 10000     0 10000 10000 10000  9313 10000
 10000 10000 10000 10000  7805  2501 10000 10000  2497 10000 10000 10000
 10000  9444 10000 10000 10000  5011 10000 10000  9330  5716 10000 10000
 10000 10000     0 10000 10000 10000     0 10000 10000     0 10000 10000
 10000 10000 10000 10000 10000  8091 10000 10000 10000 10000  9724 10000
     0    28 10000 10000 10000 10000 10000 10000 10000 10000 10000 10000
  8438 10000     0 10000 10000 10000     0 10000 10000 10000     0  9888
 10000 10000     0  1067 10000 10000 10000 10000 10000 10000  6641     0
 10000 10000 10000 10000 10000 10000 10000 10000 10000     0 10000 10000
 10000 10000     0 10000 10000    37  6505 10000 10000 10000 10000 10000
 10000 10000  9690  8533 10000 10000 10000     0 10000 10000 10000 10000
 10000 10000  8038 10000 10000 10000 10000    30 10000 10000 10000 10000
     0 10000 10000     0 10000 10000 10000 10000 10000 10000     0 10000
 10000     0 10000 10000 10000     0 10000 10000 10000   257 10000 10000
 10000 10000 10000     0 10000 10000  4040 10000     0 10000 10000  5522
 10000 10000 10000 10000     0 10000 10000 10000 10000 10000 10000 10000
 10000   162 10000 10000 10000 10000 10000  3550 10000 10000 10000 10000
     0 10000 10000     0 10000 10000  4667 10000 10000 10000 10000 10000
 10000 10000 10000     0 10000 10000 10000 10000 10000 10000 10000 10000
 10000     0 10000 10000 10000 10000 10000  1959 10000 10000 10000 10000
     0 10000 10000     0 10000 10000 10000 10000 10000 10000 10000 10000
 10000 10000 10000 10000 10000 10000     0 10000 10000 10000 10000     0
 10000 10000 10000 10000 10000 10000     0 10000 10000 10000 10000     0
 10000     0 10000  7614 10000 10000 10000 10000 10000 10000 10000 10000
 10000 10000 10000 10000 10000 10000 10000     0     0     0 10000 10000
     0 10000  1650 10000 10000 10000 10000 10000     0 10000 10000 10000
 10000 10000 10000 10000 10000 10000 10000 10000 10000     0 10000 10000
 10000 10000 10000 10000 10000 10000 10000     0 10000 10000 10000 10000
  1686 10000 10000 10000 10000 10000  6686   843 10000 10000 10000 10000
 10000 10000 10000 10000 10000 10000 10000 10000 10000 10000 10000 10000
 10000     0 10000  9973 10000 10000  9973 10000 10000 10000 10000 10000
 10000  5965  9715 10000  9973     0 10000  8379 10000 10000 10000 10000
 10000 10000     0 10000 10000 10000 10000 10000  1141 10000 10000     0
  5043 10000 10000 10000     0 10000 10000 10000  1644 10000 10000 10000
 10000 10000     0     0 10000 10000 10000   336  4391 10000 10000 10000
     0     1 10000 10000 10000 10000 10000 10000 10000 10000 10000 10000
 10000     0 10000   218     0 10000 10000 10000     0 10000 10000     0
 10000 10000 10000 10000     0 10000 10000  9999 10000 10000 10000 10000
 10000    94 10000   320 10000 10000 10000 10000 10000 10000 10000 10000
 10000 10000 10000 10000 10000 10000 10000 10000 10000  2357   270 10000
 10000 10000     0 10000     0 10000     0  5619 10000 10000 10000 10000
 10000 10000 10000 10000 10000 10000 10000 10000     0    37 10000     0
 10000 10000 10000  9321 10000  2275 10000 10000 10000     0     0 10000
 10000 10000    43 10000 10000 10000 10000 10000   294 10000 10000 10000
 10000 10000     0 10000 10000 10000 10000 10000 10000 10000  4455     0
 10000 10000     0  9992 10000     0 10000 10000 10000 10000 10000   794
 10000 10000 10000 10000 10000     0 10000 10000 10000 10000 10000 10000
 10000     0  9861  6985 10000     0 10000 10000 10000 10000 10000 10000
    16  4977 10000 10000 10000 10000 10000 10000 10000 10000     0  1551
     0 10000 10000 10000 10000 10000 10000 10000 10000 10000 10000     0
 10000 10000 10000 10000 10000 10000 10000     0 10000 10000 10000 10000
 10000 10000 10000 10000 10000 10000 10000 10000     0 10000 10000 10000
 10000 10000 10000 10000 10000 10000 10000 10000 10000 10000 10000 10000
 10000     0 10000  4096 10000 10000     0 10000 10000 10000 10000 10000
 10000     0 10000 10000 10000    82 10000     0 10000 10000 10000 10000
     0 10000 10000 10000     0 10000 10000 10000 10000 10000 10000 10000
 10000 10000 10000 10000 10000     0 10000     0 10000  8859 10000 10000
 10000 10000 10000 10000 10000 10000    23     0 10000 10000 10000 10000
 10000 10000 10000 10000 10000 10000 10000     0 10000     0 10000 10000
 10000 10000 10000     0 10000 10000   152     0 10000 10000 10000 10000
 10000 10000 10000 10000  8731 10000     0 10000 10000 10000 10000 10000
 10000     0 10000 10000 10000 10000 10000 10000 10000     0 10000 10000
 10000 10000 10000 10000     0 10000     0   911 10000 10000 10000 10000
 10000 10000 10000 10000     0 10000 10000 10000 10000 10000    16   220
 10000 10000 10000 10000 10000  2000 10000 10000 10000 10000 10000  1452
     0 10000 10000 10000 10000 10000 10000     0  7311 10000 10000 10000
 10000     0     0 10000 10000 10000 10000 10000 10000 10000 10000 10000
 10000     0 10000 10000 10000 10000  1119     0     0     0 10000 10000
 10000 10000 10000     0     0 10000 10000 10000 10000 10000 10000 10000
     0 10000     0 10000 10000 10000 10000 10000     0 10000 10000 10000
     1 10000 10000 10000     0 10000 10000 10000 10000 10000 10000 10000
 10000   923 10000 10000     0 10000 10000 10000 10000 10000 10000  9935
 10000 10000   983 10000 10000 10000 10000 10000 10000 10000 10000 10000
  9726  9990 10000 10000 10000 10000 10000  6396 10000 10000     0 10000
 10000 10000 10000 10000 10000 10000 10000     0     0 10000 10000     0
 10000     0 10000 10000 10000     0 10000 10000 10000 10000 10000 10000
 10000 10000 10000 10000 10000 10000 10000 10000 10000     0     0 10000
 10000  3212 10000 10000 10000     0 10000 10000  9999 10000 10000 10000
 10000     0     0 10000 10000 10000 10000 10000 10000 10000     0 10000
 10000 10000 10000 10000 10000 10000 10000 10000 10000 10000 10000     0
 10000   613  8623 10000     0     0     0 10000 10000 10000 10000  9997
 10000 10000 10000 10000 10000     0 10000  1605    18 10000 10000 10000
 10000 10000 10000     0     0     0 10000 10000 10000 10000 10000 10000
 10000    23 10000 10000 10000 10000 10000   298  1454 10000 10000 10000
 10000 10000 10000 10000 10000 10000 10000     0 10000 10000 10000 10000
 10000 10000 10000 10000 10000 10000 10000 10000 10000    34 10000 10000
 10000 10000 10000 10000  6044    82  9981     0 10000  4895 10000 10000
 10000 10000     0 10000 10000 10000 10000 10000 10000 10000 10000 10000
 10000 10000 10000 10000 10000  4988 10000 10000  3338 10000 10000 10000
 10000 10000 10000 10000 10000 10000 10000 10000 10000     0 10000 10000
 10000 10000     0 10000 10000 10000 10000 10000 10000 10000 10000 10000
 10000 10000 10000 10000 10000 10000     0     0 10000 10000 10000     0
 10000 10000 10000 10000 10000 10000 10000 10000     0 10000 10000     0
 10000 10000  1048 10000     0     0 10000 10000    74 10000 10000  4154
 10000 10000 10000     0 10000 10000 10000 10000 10000 10000  3862     0
 10000  4620     0 10000 10000 10000 10000 10000     0  1110 10000 10000
 10000 10000 10000 10000 10000    60 10000 10000 10000 10000  6194 10000
  2180     0 10000 10000 10000 10000 10000 10000 10000 10000 10000 10000
 10000 10000 10000     1     0  9992  9779 10000 10000  8867 10000 10000
 10000 10000 10000  6988 10000 10000 10000 10000 10000 10000 10000 10000
 10000 10000  9592 10000 10000 10000 10000 10000 10000  9328 10000 10000
 10000 10000     0 10000 10000 10000     0  9950 10000 10000 10000 10000
 10000 10000 10000 10000 10000 10000 10000 10000 10000 10000 10000 10000
 10000 10000 10000 10000 10000 10000 10000  7959     0 10000 10000 10000
 10000 10000 10000  2790     0 10000 10000 10000 10000 10000 10000 10000
  9862 10000 10000 10000 10000 10000 10000 10000 10000 10000 10000 10000
  6414 10000 10000 10000 10000 10000  9240 10000  4505     0 10000 10000
     0  9978 10000 10000  1565     0 10000     0 10000  9796   993  9802
 10000 10000  9955 10000 10000 10000 10000     0 10000 10000     0     0
 10000  8713 10000     0  4169 10000 10000 10000     0 10000 10000 10000
 10000 10000 10000 10000    56 10000     0 10000 10000 10000 10000 10000
 10000 10000 10000 10000 10000 10000 10000 10000     0 10000     0 10000
 10000 10000     0 10000 10000 10000 10000 10000 10000 10000 10000  1373
 10000 10000     0 10000 10000 10000 10000 10000 10000     0     0 10000
 10000 10000     0 10000 10000 10000 10000 10000 10000 10000 10000 10000
 10000 10000 10000 10000 10000     0 10000    11 10000 10000 10000     0
 10000 10000     0 10000 10000 10000     0 10000 10000 10000 10000     0
   424 10000 10000     0 10000 10000 10000 10000 10000 10000 10000  9110
     0 10000 10000 10000 10000     0 10000 10000 10000 10000 10000 10000
 10000 10000    99     0     0 10000 10000 10000 10000 10000     0     0
     0 10000 10000 10000     0 10000 10000 10000  3269 10000 10000 10000
 10000 10000 10000 10000    37 10000 10000 10000 10000 10000 10000     0
 10000 10000 10000 10000     0 10000 10000 10000 10000 10000 10000 10000
  9998 10000 10000 10000 10000 10000  9892 10000     0 10000 10000 10000
 10000 10000     0 10000 10000  6868 10000 10000 10000 10000     0 10000
 10000 10000   418     0 10000 10000 10000 10000  1153 10000 10000 10000
 10000 10000 10000 10000 10000 10000 10000  5635     0 10000 10000 10000
 10000 10000     0 10000 10000 10000 10000 10000 10000 10000 10000 10000
 10000 10000     0 10000 10000     0 10000     0     0  4953 10000 10000
 10000 10000     0  1790     0 10000 10000 10000 10000 10000     0 10000
 10000 10000 10000 10000 10000 10000 10000 10000 10000 10000 10000 10000
 10000 10000 10000 10000 10000  2429 10000 10000 10000 10000 10000 10000
 10000     0     0 10000 10000     0 10000 10000   559 10000 10000 10000
 10000 10000     0 10000 10000 10000 10000 10000     0 10000 10000 10000
 10000  9371 10000 10000 10000 10000 10000 10000 10000 10000   137 10000
 10000 10000 10000 10000 10000 10000 10000 10000  4910    37 10000 10000
 10000 10000 10000 10000    84 10000 10000 10000 10000  9982 10000 10000
 10000     0     0 10000 10000     0 10000 10000 10000 10000 10000     0
     0     0 10000  2021 10000 10000 10000 10000 10000 10000   695     0
 10000 10000     0 10000 10000     0 10000 10000 10000 10000     0 10000
 10000 10000 10000     0 10000     0 10000 10000 10000 10000 10000    50
 10000 10000 10000    34 10000 10000 10000 10000 10000 10000 10000  8854
 10000     0 10000 10000 10000 10000 10000 10000 10000 10000 10000  7619
 10000 10000     0 10000     0 10000 10000 10000 10000 10000 10000 10000
 10000     3 10000 10000 10000 10000     0 10000 10000     0 10000 10000
 10000   924 10000   211 10000 10000 10000 10000 10000 10000 10000 10000
 10000 10000 10000 10000 10000     5 10000  6951 10000 10000 10000 10000
 10000 10000 10000 10000  2493 10000 10000 10000 10000 10000 10000 10000
 10000     0 10000 10000 10000     0    89 10000 10000     0 10000     0
 10000     0 10000 10000 10000 10000 10000 10000    20 10000 10000 10000
  9764 10000 10000 10000     0 10000 10000 10000  8756 10000 10000 10000
 10000 10000 10000 10000 10000 10000 10000 10000 10000 10000 10000     0
 10000 10000 10000     0 10000 10000 10000 10000 10000 10000     0  7643
 10000 10000 10000 10000 10000 10000 10000     0     0     0 10000 10000
 10000 10000 10000  5477     0 10000 10000 10000 10000 10000  9944 10000
 10000 10000 10000     0  2983 10000 10000 10000 10000 10000 10000 10000
 10000 10000 10000 10000 10000 10000     0 10000 10000 10000    23 10000
 10000 10000 10000 10000 10000 10000 10000 10000 10000 10000 10000 10000
     0 10000 10000 10000 10000 10000 10000 10000 10000 10000 10000 10000
 10000 10000  9426  1993 10000 10000     0 10000 10000 10000     0 10000
  9821 10000 10000 10000 10000  1878     0 10000     0 10000 10000 10000
 10000     0 10000 10000 10000 10000 10000     0 10000 10000 10000 10000
 10000 10000 10000 10000 10000 10000 10000 10000 10000 10000 10000 10000
 10000 10000  2745 10000 10000 10000 10000   234 10000     0 10000 10000
     0 10000  9834 10000 10000 10000 10000 10000 10000  6068     0 10000
 10000 10000 10000     0 10000 10000  9512 10000 10000     0     0 10000
 10000 10000 10000 10000 10000 10000  3551 10000    58  7793 10000 10000
 10000     0    60 10000 10000  9115     0     0   869     0 10000 10000
 10000 10000 10000 10000 10000  1022 10000 10000 10000 10000 10000 10000
 10000 10000  5759 10000 10000 10000     3 10000 10000  8029  5635 10000
  8129 10000 10000 10000 10000     0 10000 10000 10000 10000  4276     0
 10000 10000 10000 10000 10000 10000 10000 10000 10000 10000 10000 10000
 10000 10000  5828 10000 10000 10000    41 10000     0 10000 10000 10000
 10000 10000     0 10000     0 10000 10000 10000 10000 10000 10000  5343
 10000 10000     0 10000 10000 10000  8567 10000 10000 10000 10000 10000
 10000 10000 10000 10000    41     0 10000  5929 10000 10000 10000     0
 10000  7552 10000 10000     0 10000 10000 10000 10000 10000     0 10000
 10000  9957 10000 10000 10000 10000 10000 10000 10000 10000 10000 10000
 10000 10000 10000 10000 10000 10000     0 10000 10000 10000 10000 10000
   251 10000 10000 10000 10000 10000  3602 10000 10000 10000     0 10000
 10000 10000 10000 10000 10000 10000 10000 10000 10000 10000  8469 10000
 10000 10000 10000 10000 10000 10000 10000 10000  5524     0     0     0
 10000  1882 10000 10000 10000 10000  8694     5 10000 10000 10000 10000
 10000 10000  7059 10000 10000 10000 10000 10000 10000 10000 10000 10000
 10000     0 10000 10000 10000 10000 10000 10000 10000 10000 10000 10000
 10000 10000  1235 10000 10000 10000 10000 10000  9862 10000 10000 10000
 10000 10000 10000 10000 10000 10000 10000     0 10000 10000 10000 10000
 10000 10000 10000     0  8990 10000 10000 10000     0 10000 10000 10000
     0     0     0 10000 10000 10000     0 10000 10000 10000 10000 10000
 10000 10000 10000 10000 10000 10000 10000     0 10000 10000 10000 10000
  9866 10000     0 10000 10000 10000 10000  9990 10000 10000 10000     0
 10000 10000 10000     0 10000 10000 10000 10000     0 10000  9980 10000
 10000 10000 10000 10000 10000 10000 10000    46    18 10000 10000 10000
 10000 10000 10000 10000   517 10000 10000 10000 10000 10000 10000 10000
 10000     0 10000 10000 10000 10000 10000 10000 10000 10000   627 10000
 10000 10000 10000     0 10000 10000  9448 10000 10000 10000 10000 10000
 10000     0 10000 10000     0 10000 10000 10000     0  9988 10000 10000
 10000 10000 10000 10000 10000     5 10000 10000  9809 10000 10000 10000
 10000     0     0 10000 10000 10000 10000 10000     0 10000 10000 10000
 10000 10000 10000 10000 10000     0 10000     0  5869 10000    45 10000
 10000     0 10000 10000     0 10000 10000 10000 10000 10000     0     0
 10000 10000 10000  9983 10000 10000 10000 10000 10000 10000 10000 10000
 10000 10000 10000     0 10000 10000 10000 10000     0 10000 10000 10000
     0 10000     0 10000  9992 10000 10000 10000 10000 10000 10000 10000
 10000 10000 10000 10000  9853 10000 10000 10000 10000     0 10000 10000
 10000 10000     0 10000 10000 10000   711 10000 10000  7785 10000 10000
 10000 10000 10000 10000 10000 10000    16     0 10000     0 10000 10000
 10000 10000 10000 10000 10000 10000 10000 10000 10000 10000    30 10000
 10000 10000 10000 10000 10000 10000     0 10000     0 10000 10000 10000
 10000     0 10000  9978 10000 10000 10000 10000 10000 10000 10000 10000
 10000 10000     0 10000 10000 10000 10000 10000 10000 10000 10000 10000
 10000 10000 10000 10000     0 10000 10000 10000 10000 10000  9300 10000
     0 10000 10000 10000 10000 10000 10000 10000   652 10000 10000 10000
  4985   820 10000 10000     0 10000 10000 10000 10000 10000 10000 10000
 10000 10000 10000 10000  5984 10000 10000 10000 10000     0 10000 10000
 10000 10000 10000 10000 10000 10000 10000 10000 10000    82 10000 10000
 10000  2521 10000 10000 10000 10000 10000 10000 10000     0 10000 10000
 10000 10000 10000     0 10000 10000 10000 10000 10000 10000 10000 10000
 10000 10000 10000 10000 10000 10000 10000     0 10000 10000 10000 10000
 10000 10000 10000 10000 10000 10000 10000 10000 10000 10000 10000 10000
 10000     0 10000 10000 10000 10000 10000 10000 10000 10000 10000 10000
 10000 10000 10000 10000 10000 10000 10000  8868  9876 10000 10000     0
 10000 10000 10000 10000 10000 10000 10000 10000 10000 10000 10000 10000
     0 10000 10000     0 10000     0  1564 10000 10000 10000    16 10000
     0 10000 10000 10000 10000 10000 10000 10000 10000 10000 10000 10000
 10000 10000 10000 10000 10000 10000 10000 10000 10000 10000 10000     0
 10000 10000 10000 10000 10000 10000 10000 10000 10000 10000 10000 10000
 10000     0 10000     0 10000 10000     0 10000 10000 10000 10000 10000
 10000 10000 10000  2474 10000 10000 10000 10000 10000 10000 10000 10000
 10000 10000     0  9248]
#[752610 780653 783150 792104 767844 765458 770409 784553 775938 772157
 765644 762112 765235 768751 756274 765368 770038 770198 779459 758712
 788720 769124 769872 785635 755691 760730 782507 753620 774350 784039
 769367 766283 777541 761771 763521 781417 755697 775272 767372 757841
 771467 772696 785414 760336 794535 766759 758140 760078 755371 757120
 782397 763555 756164 780402 785907 774798 774838 769119 773952 761552
 771495 783611 790609 759476 771843 778804 797212 776693 771940 761242
 764794 766299 780573 774159 783575 785009 791316 776676 764034 765125
 797222 777879 772676 766285 774632 779278 770517 780760 763307 761098
 787485 758761 765719 784133 767961 768889 776799 760256 767322 791051]
