[274877906944 274877906944 274877906944 121595166720  16345833472
            0            0  25645803520            0    515760288
 274877906944            0            0            0 274877906944
     22061424  55925026816 274877906944 274877906944    222790992
 274877906944 274877906944 274877906944    470255456  29928806400
  37223866368      5446964            0  43575906304 274877906944
   4900694528 274877906944            0 115032129536            0
  38196281344 274877906944 274877906944      4975196            0
 274877906944  82656108544 115993395200  17073146880 274877906944
   9986264064            0            0 274877906944    281690528
    151495456            0            0 146684444672  54695833600
 274877906944 274877906944            0  84065771520            0
 274877906944 274877906944            0     32249512 274877906944
            0    109929600 274877906944 274877906944 274877906944
 274877906944 274877906944            0            0            0
 274877906944 274877906944            0            0  35257442304
  15755334656 274877906944            0  16632823808  10060867584
            0 274877906944 274877906944 274877906944   6387875328
            0            0            0            0            0
            0            0 274877906944            0  16077910016
            0    234311744 243444285440 274877906944 274877906944
 274877906944            0 274877906944            0            0
    406274240 274877906944            0  11502989312 274877906944
    378196640  46529347584            0            0   8338776576
 274877906944            0     40123052 106578927616 274877906944
            0 274877906944    851035776 274877906944 274877906944
 274877906944 274877906944            0 274877906944            0
 274877906944 274877906944   2471618816     54512692 274877906944
  29830565888 274877906944 274877906944 274877906944  13554214912
   1639295232 274877906944 274877906944 274877906944            0
            0 274877906944    135673312      1492843 274877906944
            0            0 274877906944 274877906944     65271600
            0            0            0            0     10702046
            0  93041942528 124846456832  10094197760   8223101440
 274877906944   1641554048      2507066 274877906944 221278666752
   3784543488 206255390720            0 274877906944 228336467968
            0  96191012864    475455872   2040863360  48486318080
            0 274877906944 274877906944  12057695232  17326721024
 273178066944    791583552 274877906944            0            0
   7951144960            0 199826866176 274877906944 274877906944
 274877906944            0 252181774336 274877906944 274877906944
 274877906944  27738417152  94689763328 186248806400 274877906944
            0            0   2213646080 274877906944 274877906944
   1661754624            0            0            0            0
  39994449920            0 274877906944 274877906944 274877906944
  34873036800 274877906944   4816328704 274877906944 274877906944
  56932868096            0 274877906944  13018318848  88028192768
            0            0            0            0 274877906944
 274877906944 274877906944     22814800 274877906944            0
            0 274877906944 102862913536            0 274877906944
            0            0            0 274877906944  99685539840
            0 274877906944  10226653184            0 274877906944
            0      1090144 274877906944 274877906944            0
            0            0 249721503744            0 274877906944
  14678755328 149128445952 274877906944  29269071872    229135520
            0 274877906944            0            0 274877906944
            0            0   5467846656            0   8487128064
            0            0            0            0 274877906944
 274877906944            0            0         4788  28203649024
            0   2707690752  19414327296 274877906944 101097373696
 248337383424 213457420288            0            0            0
 274877906944            0 274877906944            0 274877906944
            0            0            0            0 123608694784
            0            0 274877906944            0 274877906944
            0   6560994304 274877906944 274877906944            0
 274877906944            0 274877906944  42792349696 274877906944
    170808704            0 108738772992 274877906944 274877906944
 274877906944            0 274877906944 274877906944 274877906944
  12679384064  73440165888 274877906944            0  22402428928
            0            0            0  74496819200  32350738432
    943870208            0        29563 274877906944 108209741824
 274877906944    756664320  16271518720      6899846     39220588
            0            0            0 274877906944  33726795776
  11146305536            0 274877906944  34901667840   4906235392
            0 185808879616 274877906944      4568570 274877906944
 160805781504  36715839488 274877906944            0            0
            0 136628346880            0 274877906944 249528614912
 274877906944 256618921984 274877906944            0            0
            0            0            0 274877906944 274877906944
            0 274877906944            0 274877906944            0
    389609088            0 112076587008 274877906944 274877906944
     37834752            0            0  93401423872            0
 274877906944 172885884928  31606855680 274877906944 274877906944
  39072137216 274877906944  10725787648 274877906944            0
 274877906944   8387564544 274877906944            0            0
 104330690560 274877906944 274877906944  13444649984            0
  35953594368 274877906944 274877906944            0   2414957312
   4394682368 274877906944 274877906944  56543526912 252328951808
            0            0  24178999296  26613055488            0
 134183813120 274877906944 168624160768            0            0
 125676855296 274877906944      6000238            0  34749235200
 101774606336  12988576768            0            0 274877906944
 274877906944            0 274877906944   1396807168 191238438912
  22163195904            0 274877906944  16500595712 274877906944
 274877906944            0   1683644416            0  58809937920
 274877906944            0   5256950784            0   5376661504
 274877906944      1528285  48162906112 259205693440 109350502400
   8584782848  40135573504   6706481152  37499600896            0
            0      8408898 274877906944     28837156 274877906944
 274877906944   8468756480 274877906944 155852750848 274877906944
            0 274877906944 274877906944   3419269632 274877906944
 274877906944 274877906944   5733469184 274877906944    962323712
            0 274877906944 274877906944            0  80739311616
    236152752   6460328448            0 274877906944 274877906944
  14695609344            0            0 206617427968 274877906944
 274877906944  49818685440            0  29101363200  68769710080
            0 274877906944            0 274877906944 274877906944
 220591800320 274877906944  35660783616 274877906944 274877906944
            0  63389626368 274877906944  22622418944 274877906944
 274877906944            0 180937736192            0            0
 274877906944 274877906944 274877906944 274877906944 274877906944
            0 274877906944 274877906944  10079873024 274877906944
            0   1041003712            0  62359683072 160714489856
            0 197497667584 249747783680  45287014400            0
            0 274877906944 274877906944  39266336768   3714361344
    109826608  34361524224 274877906944 274877906944  40331485184
  23667525632   3014514432            0            0 274877906944
            0 274877906944            0 271320383488  29987481600
   1553906944 274877906944  92834791424    238777712            0
            0 274877906944 274877906944  47756070912            0
            0      1892298            0  29442093056            0
 274877906944      5821364 274877906944            0  38321790976
 274877906944     31128078            0            0 274877906944
 274877906944 274877906944            0            0  50428268544
 274877906944            0            0 274877906944  42987585536
            0            0            0 274877906944 274877906944
 190946672640            0            0 274877906944 164836769792
            0            0 274877906944  13581134848  17141081088
 274877906944 210782486528 274877906944 274877906944   4019559936
 274877906944 173711065088 244646051840            0 215641849856
 274877906944            0 274877906944 208969859072      7026931
 274877906944            0 274877906944   5956219904  15998169088
 274877906944  87097303040 274877906944 274877906944 274877906944
   1068729728            0            0 274877906944  19763847168
            0 274877906944 220627255296 241866571776 274877906944
 274877906944            0 274877906944 147588890624    889895680
 274877906944  12773618688            0 274877906944 274877906944
 274877906944 268205752320   5714622976            0 274877906944
 274877906944            0 274877906944            0  13999481856
  57406111744            0 109724229632 274877906944 148123500544
 116501708800      8865800            0 274877906944            0
 274877906944 274877906944            0    167005968 274877906944
    206345008  24574236672  56813416448 120243273728 170185113600
    849271488            0 274877906944    262813664   8163932672
            0 274877906944 274877906944            0 274877906944
 274877906944 274877906944   8643423232 274877906944 274877906944
 257485717504 274877906944            0            0            0
 274877906944   7080132608 274877906944  73173524480    195870016
            0 274877906944 274877906944 274877906944            0
            0            0  19658262528 274877906944  13372336128
 232679686144 122403414016 274877906944            0 274877906944
 274877906944 104436375552 178744262656            0            0
    578503936 136058011648  17024441344 274877906944            0
            0            0 274877906944 274877906944  11069212672
            0 274877906944            0            0            0
 274877906944            0 274877906944     42580668 169455157248
        37298  15830029312 185334644736            0 274877906944
 274877906944 274877906944 274877906944  40266928128 274877906944
 274877906944            0  14912620544            0            0
 274877906944 274877906944   7893146112 274877906944 215919755264
  23491903488  19775852544   3823085056            0            0
            0            0 274877906944            0 260642390016
 172741804032  43078070272 217041043456            0            0
    143947552 274877906944            0  48768708608 274877906944
  51667783680 274877906944 153674317824 274877906944 274877906944
  49093095424 175973400576  49822777344            0            0
 141304463360            0  21435310080   7237128704            0
 274877906944            0  90140549120 274877906944 274877906944
   2211374336   1981399552            0    100901720 274877906944
   9053669376 274877906944            0 263837122560    204331536
  80422952960            0            0            0            0
      5988560 274877906944            0   2768082432 103647232000
 274877906944  73107406848            0            0            0
 274877906944 274877906944            0  11504157696            0
     14552500 154626080768 274877906944 274877906944 134727376896
 267524997120 118002204672 274877906944 274877906944   6389772800
 274877906944     26743766            0 274877906944 274877906944
       115454 274877906944 274877906944            0 143521284096
       289757 274877906944 274877906944   2014194944            0
     91278944   3977769216 274877906944            0  11985762304
            0 274877906944  47816404992            0 274877906944
 206400503808            0 165694193664            0 274877906944
   5612288000            0 274877906944  66548731904            0
  22582269952 274877906944    141695472   8117299712      3960020
  64607854592  40549625856            0            0 269735411712
 274877906944            0  19601674240 274877906944 274877906944
  11263356928 274877906944 208735846400 274877906944            0
 274877906944 274877906944 137454370816 274877906944  34021251072
   7653238272            0            0            0 126394023936
            0 274877906944            0            0 274877906944
 274877906944  81533075456  82496479232 274877906944 274877906944
            0  40266850304            0            0            0
 274877906944   3267915520 144963665920 274877906944   9012215808
 111501107200  35947229184  30791811072   7543480832 274877906944
 274877906944            0 274877906944  60046413824 274877906944
            0            0 274877906944            0  88865882112
            0           32     59188024 133576679424            0
 274877906944 128388612096   6905667072            0 274877906944
 219908341760            0 274877906944 100240080896 274877906944
 274877906944 274877906944            0  43244466176            0
  14740446208  45928153088            0     79207096 274877906944
            0  24417228800  17014481920   5414187520  80977764352
   3723320576 167157596160  30157979648  85696815104      6930000
 160235225088            0            0            0 274877906944
 274877906944   4120244992 274877906944            0            0
            0            0   2220878080  22059874304            0
  41803296768            0            0  49643134976  32980809728
  67309268992    483967360            0            0            0
    900987712 274877906944   2056406912  86300164096            0
   1485932672  20264396800 274877906944            0 274877906944
  11676502016 274877906944 274877906944            0  52256530432
            0 274877906944  20362182656 123840749568            0
   5665303040            0 274877906944            0            0
   4049911552            0            0   8170482688  10733543424
            0            0            0  31914526720 274877906944
 164128636928 274877906944            0  55648370688 274877906944
 274877906944 134962094080            0            0            0
     91363832 111928238080            0 274877906944            0
            0 222223400960            0      3288381 142346043392
  22009387008 274877906944 274877906944 274877906944  11033981952
 274877906944 116863025152  21548439552            0 274877906944
 107237351424   4947940352 274877906944   6265196544 274877906944
            0 274877906944 249200721920 274877906944            0
   1018275456 102647250944            0 274877906944 274877906944
 274877906944 274877906944 274877906944            0 233861595136
            0 274877906944 274877906944            0 181771206656
 274877906944 274877906944 274877906944            0 120250540032
 181128577024 274877906944 274877906944       119930 274877906944
 274877906944 274877906944 274877906944 274877906944 274877906944
 274877906944 274877906944 274877906944 274877906944  43174858752
 189925949440 274877906944  95503073280 274877906944       391168
 256770048000 274877906944            0            0            0
 274877906944  66308710400  13731214336            0            0
            0 211487424512 274877906944            0    348261120
 147728531456    778404224   4444484608 274877906944  87351558144
            0   7706014720  86618644480            0  44485591040
 274877906944 225643806720 274877906944  96679731200 274877906944
            0            0 274877906944  20288638976     43987012
  51648102400    135492400 274877906944 242939822080            0
   2090542592 274877906944            0      8673397 274877906944
 274877906944 274877906944 274877906944 274877906944  41194070016
     16490235 274877906944 274877906944 262687719424 136459526144
 118981525504 274877906944 185535184896     33841016            0
 274877906944            0 213524971520            0            0
 274877906944   2493588736 274877906944 237127188480    439000416
 116482449408 274877906944  27671390208 274877906944 274877906944
            0 274877906944   1259471616  10014087168   3006759680
  79280193536      4234671            0 274877906944 274877906944
      2429943    161526448            0            0 274877906944
            0            0            0 274877906944            0
 274877906944  41042362368 274877906944            0            0
            0  28921075712            0            0   1095866240
 274877906944            0 274877906944            0 274877906944
    127163992 274877906944    110082584            0 274877906944
            0      9380754     13931389 186485800960            0
 112948797440 274877906944  39028785152            0 274877906944
            0    226259552   2794785792 274877906944  41681301504
            0 274877906944            0   4218143232 263456555008
            0      3956661 274877906944            0    686306944
 165673959424   9558818816  55264583680            0 274877906944
 274877906944 274877906944 160205078528    136296928            0
   5368419840            0            0 274877906944 274877906944
 274877906944  36497408000 274877906944 177209409536  14131103744
            0            0   1531556608 202467065856  11739830272
            0  75010695168            0        27851            0
 274877906944 111015747584 274877906944    379354304            0
 274877906944   1667446144            0            0            0
    657476672            0   5853372416            0 274877906944
            0 123986075648   8183670784  36605607936            0
 107090206720 274877906944 103661862912  67027853312            0
 274877906944            0            0            0 274877906944
 132506984448 220675801088            0  55696809984  62386839552
 112478601216            0 274877906944 274877906944  13709607936
 274877906944   6027715584 274877906944     37620000 168677228544
            0            0            0 120147189760 274877906944
 121808281600            0 169802760192 274877906944            0
            0 274877906944 138551836672  31739947008            0
  70864363520   5867927040 103301136384 274877906944 274877906944
  85009440768            0 274877906944   5637355520 274877906944
 245736259584 274877906944 204614729728 274877906944            0
 240402087936  32628422656            0 274877906944 274877906944
  57176977408 263953973248  41374420992 274877906944            0
 274877906944 274877906944 274877906944  62353444864            0
   1554044544  19592044544            0     43900000            0
     42756428 274877906944  31187058688            0            0
 274877906944   1816030848 274877906944            0            0
  90692829184            0  36958298112  44410597376 122427482112
            0            0            0            0  26683963392
 274877906944 274877906944  19483924480            0            0
            0 274877906944 274877906944            0            0
            0 124757753856 250321256448 135341244416            0
   3736305152  56250605568            0 274877906944 274877906944
 274877906944 238360297472            0            0 274877906944
  88335785984 274877906944            0 163936550912 182268706816
 207431172096            0 274877906944            0            0
            0 274877906944 274877906944 274877906944            0
 274877906944 274877906944  17863030784            0            0
            0 274877906944            0 274877906944 274877906944
  67808849920   2298819840            0            0            0
            0  41793249280  24413509632            0 274877906944
 274877906944 274877906944 274877906944 274877906944            0
 274877906944 234888790016 274877906944 274877906944  67812253696
            0 274877906944 274877906944 274877906944     18571964
 274877906944 274877906944 123428708352     61253268 274877906944
            0            0 274877906944 274877906944  32314341376
            0  77132333056            0 274877906944   3360112896
            0            0  33153794048            0 274877906944
            0 274877906944  42649960448 247144464384            0
 215493672960   1992476032 274877906944 274877906944            0
 274877906944 274877906944   9641475072 274877906944  41345581056
 274877906944 274877906944  34844770304  63522856960            0
   3579415040 156928000000 274877906944            0 274877906944
            0 274877906944 274877906944            0  24407279616
            0 274726895616 274877906944  68090351616   1807420672
            0            0      1031672 274877906944            0
 274877906944 274877906944 178816630784    835331200            0
            0    630005888 274877906944            0            0
            0            0  35712593920 118535012352 274877906944
 274877906944 129224212480            0            0 274877906944
            0   3688346368            0 274877906944 274877906944
 274877906944  25057212416 274877906944            0 274877906944
  24153520128            0 148770766848            0 274877906944
            0  46357487616  15762252800 274877906944            0
 274877906944  15850952704            0 274877906944 274877906944
 274877906944 274877906944            0  10488197120 274877906944
            0 274877906944 274877906944 274877906944            0
            0 274877906944            0 274877906944 274877906944
 274877906944 274877906944      2441857            0    264362304
     21386300            0            0 144579149824            0
            0  59972923392 274877906944  56097476608 195350413312
    162038528            0            0 258981117952   2300727552
 274877906944 172215402496  97063051264 103255252992            0
 274877906944            0 209941004288            0 118959300608
            0 274877906944 274877906944 186440941568  10978618368
  67853242368 274877906944 274877906944   2428237056 274877906944
     87252944  81212375040     35729100 207039954944  64190050304
 256311050240  54218395648     28521796   3897953792            0
 274877906944 274877906944    299676224 274877906944            0
            0 274877906944  18740260864            0  40485306368
 274877906944            0 274877906944 274877906944 124492120064
       849555            0            0    245374432            0
 274877906944  90309976064 274877906944            0    374992512
            0  14246295552 212350812160 255325716480 131489398784
  13750534144            0   7293699072 274877906944            0
 274877906944     88887416  60951171072            0 274877906944
            0 274877906944            0 274877906944 274877906944
            0 274877906944            0 274877906944 274877906944
 274877906944            0 274877906944 274877906944            0
 129397071872            0   4241481216 114374262784            0
 274877906944            0            0            0 274877906944
 274877906944 274877906944  91260239872 274877906944 274877906944
  68091490304 274877906944  35708518400            0   1758676352
 274877906944            0 208817160192 268349243392     76948912
 274877906944            0 102605643776 274877906944            0
            0  30271754240  17865383936 274877906944 171656396800
            0   3486456064            0 199801634816 274877906944
 274877906944            0 274877906944  50168508416 274877906944
 274877906944   4210036224     89737600  40769032192 274877906944
 274877906944  17722750976            0 274877906944            0
            0 274877906944 274877906944 274877906944     19343636
  39550615552 274877906944  12877333504 274877906944            0
    159327984 274877906944    527768992 235128602624 274877906944
 274877906944            0  59692216320  33681821696 116497727488
  55658086400 118933987328 219161640960            0 262853935104
 124704489472            0            0            0 274877906944
 274877906944            0 274877906944    898269248 137362087936
 107233869824            0            0  13187630080            0
 274877906944   2740418304            0  19206412288     18407266
  19356633088 274877906944 274877906944       615917            0
     17339892            0  10521736192            0 136649981952
  51955249152  13083598848            0  22736879616 274877906944
 274877906944  69522604032            0            0 212663156736
 274877906944  33795397632   2296071936 274877906944  12488342528
 274877906944  94668587008            0 274877906944            0
 274877906944 274877906944 274877906944   3357854976 274877906944
 274877906944 274877906944  19397920768            0 274877906944
  24168271872            0 274877906944            0            0
 274877906944  27333885952 274877906944            0 274877906944
 258351890432 274877906944 274877906944 274877906944 109239435264
  10825782272        54453            0  28941010944 274877906944
 118495477760 274877906944            0 274877906944  18696226816
  14086895616 106990288896 274877906944 163403399168 274877906944
 274877906944 274877906944  57897287680 274877906944 274877906944
 274877906944            0            0 274877906944 274877906944
            0     93195352            0 274877906944    669257344
 274877906944            0 274877906944   9553755136 274877906944
 274877906944   1156951552 274877906944  13673477120  82077466624
  52910071808            0    368264192 211553615872  22182055936
  49141104640    409725888 239211708416   3859258880 274877906944
            0 274877906944 274877906944            0 274877906944
 274877906944  86805471232  15888346112 220050702336   7677559296
 274877906944   1942472064 274877906944  67341701120    340052608
 274877906944            0            0 274877906944            0
            0   8464419328            0     23307928  39063212032
            0            0   6021783552            0            0
 274877906944            0            0            0            0
 274877906944  80329318400 179861651456  20284956672 274877906944
  20547438592    176870416 274877906944   5321484800            0
   7647522816            0 198527647744 104344608768  52914753536
  21658161152            0            0            0  28602746880
 274877906944    931325568  56807317504            0 274877906944
 274877906944  76404719616 274877906944 274877906944 274877906944
 274877906944            0 274877906944  20713203712 274877906944
            0            0   4139246848 100168286208            0
            0            0            0  76308504576            0
 274877906944            0            0 213015265280 274877906944
 274877906944 274877906944 274877906944            0  87845421056
 274877906944 197119918080  32306286592            0 274877906944
 274877906944 274877906944 274877906944   9949052928  78005501952
  41985220608            0 274877906944 219446902784            0
            0  18758363136            0 274877906944 274877906944
            0            0            0   9219245056 274877906944
 274877906944 208524279808            0    587576832 274877906944
  80523550720    886787648            0            0            0
            0  12477176832 274877906944       366300  32258594816
            0            0 261269241856 255350145024  83851952128
            0 136580636672            0            0  96171491328
 274877906944 248597676032  96899637248 274877906944            0
 274877906944            0    580685376 274877906944            0
 274877906944   3932978176            0 274877906944 274877906944
            0  23904337920 274877906944            0            0
            0 274877906944  15122123776 225847853056            0
 139377573888 274877906944            0 274877906944 201997041664
 274877906944            0   1369993600  16605797376 274877906944
 124677185536  30231824384   2385855488 274877906944            0
    650891072 274877906944   4459620352    333335936 274877906944
 274877906944  79193841664 274877906944  80987299840            0
            0  46476185600   5141167616   6579708928 149388853248
  15931671552 274877906944     25301262            0 274877906944
  53296779264  13027499008 274877906944            0 274877906944
            0            0  71937835008 274877906944            0
 274877906944            0  13380242432  58325712896 274877906944
            0            0 274877906944            0 110437498880
 186180419584    129287088 274877906944            0 274877906944
 274877906944            0   7992796160      1459432            0
            0     90803872 274877906944            0 195587227648
   7219989504 274877906944 274877906944   9976169472            0
 274877906944  11012784128 274877906944      1695415 156503588864
            0 274877906944   1993937024 274877906944            0
  10196789248            0            0            0  64252940288
     19769816 274877906944            0            0 274877906944
            0            0 274877906944            0 274877906944
            0  17069267968  83166879744            0            0
            0 274877906944 274877906944  23356086272  71495081984
 274877906944 202650173440 274877906944            0            0
  29499467776 274877906944 274877906944 274877906944            0
            0 270328987648            0            0            0
 274877906944  77404536832   7962023936 106932453376            0
            0            0            0  17616177152            0
 274877906944 136999763968 158898962432 274877906944 251821096960
 274877906944 274877906944 274877906944  10526017536  50029121536
            0            0  45818220544 274877906944            0
 274877906944 274877906944 225607892992 274877906944            0
 274877906944 255834750976 274877906944            0 274877906944
            0 199528808448  90382049280 114814713856 274877906944
 274877906944 274877906944 274877906944            0            0
   1672875136 274877906944  24301690880  59568414720  21827162112
 216122834944 274877906944 274877906944            0   4826478080
    436537440 274877906944            0            0            0
 117711183872 194322546688   2886456320            0   1726946944
      1951717 274877906944 274877906944 274877906944  35754672128
            0            0  18754613248            0 274877906944
            0 274877906944            0 274877906944 102184116224
            0            0  31934773248 274877906944      5400388
            0   1337401984            0            0      5743724
 274877906944 274877906944 274877906944 274877906944 274877906944
 274877906944 131632218112 274877906944            0 274877906944
  14880881664            0            0            0   9198074880
   4498841600 274877906944 106875797504 274877906944 274877906944
   1603343616  26364323840 112351707136  25700116480            0
 274877906944    832614720 274877906944            0 274877906944
 274877906944  11685826560            0 130566504448 274877906944
            0  69435473920 274877906944 274877906944  86626336768
   2822137856  62831734784   2792347648            0 274877906944
            0 274877906944 271595044864 274877906944 274877906944
  25890056192            0  50743013376 274877906944 274877906944
 274877906944  13852027904 274877906944 274877906944            0
            0            0 274877906944  37957267456            0
 274877906944 274877906944  12526666752      8320000            0
 274877906944  21486170112            0 274877906944 274877906944
 274877906944            0 274877906944 274877906944            0
 274877906944 274877906944            0            0 274877906944
            0  33594365952  95179407360 274877906944 274877906944
            0  48673656832            0 274877906944 274877906944
  30469036032 274877906944 274877906944 274877906944            0
 226333671424   3712138240            0 274877906944            0
    811527360            0 274877906944            0            0
 274877906944 274877906944 274877906944 274877906944 274877906944
 263696957440            0            0            0            0
  14030659584 274877906944 274877906944  16401999872            0
 274877906944            0  99779067904            0   1380110976
 274877906944 274877906944            0 274877906944   1744473600
  49292271616   1990250240  15440484352 274877906944 196902748160
            0            0 227112435712    145334896 274877906944
 274877906944            0            0 124174614528 274877906944
            0 274877906944 264781479936            0 274877906944
            0 274877906944 274877906944 274877906944 274877906944
  59695628288 234182328320 274877906944 191879086080 274877906944
     22326332  45283201024  18272512000 140117180416 184805949440
 274877906944            0 274877906944 257825013760 274877906944
  38229020672  25567744000            0            0  11172625408
 274877906944  21310502912            0            0 274877906944
     65760000  29098956800            0  15957745664            0
       138728  36807348224 274877906944 274877906944            0
  39858450432  98888310784 274877906944            0    110444696
 205041352704            0 158189355008   6171210240  24784394240
            0            0 274877906944            0  47023845376
 274877906944 274877906944            0            0 274877906944
 102987464704 165955223552 274877906944 274877906944 274877906944
 132647239680            0            0 274877906944 274877906944
  14428965888 274877906944 274877906944 228251172864   8134475776
            0            0            0 274877906944            0
 193979006976            0  90739163136       409391 274877906944
  34970128384   7435749376            0            0 102128312320
            0            0      1821867 191746899968            0
            0 274877906944 274877906944 274877906944            0
            0 274877906944            0            0 274877906944
  35789168640            0 274877906944 274877906944            0
            0  17917253632            0 274877906944            0
 141065453568    971933952            0   3949446912  96161857536
            0            0            0  40168210432 274877906944
   1060057536      6458398 274877906944  96208920576  39922212864
   2384501248 274877906944 274877906944 274877906944   2180495616
  93377404928 274877906944 120371929088     14305634            0
  13391994880 274877906944     15510577 148848869376  39709679616
   3690507776            0 274877906944            0 274877906944
 238858567680  45075034112            0  19157950464            0
            0            0            0            0 274877906944
   4069431296 274877906944  52520861696 274877906944  95325962240
   7228993536 112361283584  40898097152            0 189566779392
 274877906944            0 274877906944            0 274877906944
 274877906944            0        64540 274877906944            0
            0            0 274877906944 197647761408            0
            0 274877906944 274877906944 274877906944 274877906944
            0 274877906944            0  43053666304 112135225344
  29973915648 274877906944   7480939520            0  84519886848
 274877906944  11521009664 274877906944            0 274877906944
    654671808 274877906944 274877906944 274877906944            0
            0            0            0 274877906944            0
 149562556416  14495537152  79139028992            0  49825394688
            0 274877906944            0    930447808 274877906944
 274877906944 274877906944 274877906944  91291303936 274877906944
     10035054 274877906944 274877906944            0            0
            0 176937648128    526788992   1162106880 274877906944
 223013945344            0            0            0 124817317888
            0 274877906944   5505354240 274877906944 274877906944
 132625571840 274877906944            0            0            0
 274877906944            0 274877906944 274877906944  66695163904
 274877906944            0 274877906944 274877906944     26647084
 274877906944            0   5266152960            0            0
 128929906688      8524236            0            0      5065441
  41369788416 274877906944 274877906944 274877906944 274877906944
 274877906944 274877906944 274877906944 201464512512 274877906944
    107272008 133541822464   1117652992 209840504832 184984567808
            0            0            0  62899376128 274877906944
            0 274877906944 274877906944    643051136 237485293568
 128831078400 130992553984            0    378777536            0
   3256494080 274877906944 274877906944  12551759872 178589614080
  15267243008 274877906944  89777184768            0 178023727104
 274877906944            0 274877906944 274877906944            0
  54657220608   8575622656 150322216960 274877906944  46912790528
   6014610432  36562243584 274877906944 274877906944  40086147072
            0 274877906944            0 274877906944 274877906944
 274877906944 274877906944   8101783040            0 274877906944
 122997497856            0            0 274877906944   1537180416
 274877906944   5745716224 126548099072            0 274877906944
            0 274877906944            0 274877906944            0
   7565422592  19701088256  35749785600 274877906944 274877906944
 274877906944 274877906944     40137248 200741486592            0
            0    297545600  43488972800  87251640320            0
 274877906944 274877906944            0            0            0
            0  31094450176 274877906944 274877906944            0
 193704083456 274877906944            0 125842546688    589702016
 274877906944            0            0 109353951232  41483145216
  15301825536   1439521408     64032036 274877906944 274877906944
 274877906944            0  12418034688            0  85680496640
 274877906944            0 274877906944 274877906944 274877906944
 274877906944 274877906944   3178997760            0            0
 131431374848 274877906944 274877906944 274877906944 274877906944
 274877906944 274877906944  15118139392            0 229762105344
  22022160384            0 274877906944 274877906944 274877906944
  20089233408 274877906944   1559553152   3867022336 240110764032
 274877906944 163166699520            0            0            0
            0  14479084544 274877906944            0   1551719808
 274877906944 128680132608            0            0 274877906944
 119823376384            0 149962768384     49924468 274877906944
  45564432384            0            0            0  69223153664
 274877906944 159637209088            0     61096812            0
            0 274877906944 274877906944  30713552896 274877906944
   9202854912 274877906944 274877906944 274877906944 274877906944
            0 116153720832      7920000 274877906944 274877906944
 274877906944 274877906944 274877906944            0            0
 274877906944    453057824 274877906944 142943059968 108101312512
 128078127104            0            0 274877906944    803543744
 134525632512            0            0            0            0
 274877906944 274877906944 274877906944            0            0
 138324459520   1847744128            0 162590457856            0
            0  75520761856 274877906944            0  18284167168
            0            0            0            0 228157161472
            0 274877906944 274877906944 274877906944  16711322624
 111215992832 274877906944 274877906944  39801892864            0
            0  61638029312   9192089600  93162201088 261029167104
 274877906944 176784703488            0 274877906944  24233805824
  72819924992 123142201344            0            0            0
            0            0  19172638720 274877906944            0
            0            0 274877906944 200039694336            0
            0   4034227968 244744732672            0 274877906944
 209708957696            0     66928912 140493225984 274877906944
    444444480 125091381248            0            0 274877906944
            0 274877906944 274877906944 274877906944 274877906944
 209893949440  37148000256 274877906944 240462561280    115732320
 274877906944            0 167344340992 221621977088            0
            0 166286934016            0            0 274877906944
            0            0            0  29271941120            0
  40426168320 274877906944            0 274877906944            0
 274877906944 236070174720  10026579968 135649976320 274877906944
 274877906944  96280289280 274877906944 274877906944            0
            0  30538760192    143332528 274877906944      2314923
 274877906944   3377332480    724454080            0  10549438464
            0            0            0 274877906944  83330457600
            0 162075705344            0            0 274877906944
 274877906944            0 274877906944 274877906944            0
 274877906944  96040550400 232262123520    444380032 274877906944
 274877906944    535131104 274877906944  10571170816            0
 115816030208     27350000 274877906944 274877906944 274877906944
            0            0            0 274877906944   4542338560
 173458407424  64819933184  17857564672 225325547520            0
  50062499840            0            0   8696361984 274877906944
   6653553664 274877906944 274877906944 274877906944 274877906944
 274877906944      4030251 274877906944 274877906944  33352974336
            0 274877906944            0 274877906944 274877906944
            0 274877906944   4174001152   1910857344 274877906944
 117315387392 189132898304 274877906944 274877906944    101783592
            0       181016 274877906944            0 274877906944
  35980058624          684            0            0      8761755
            0            0   6752967680 274877906944     34386004
   5703540736            0 274877906944   5016311296            0
 215944396800            0            0            0 274877906944
 274877906944 274877906944  22975860736  33592889344 274877906944
            0      3786288 113655930880 274877906944            0
 274877906944            0  10244924416            0  37384089600
 274877906944            0   3712816128            0 274877906944
   5971888640   9693388800            0            0  30436435968
 274877906944 104941486080 274877906944 274877906944 274877906944
            0 274877906944            0            0            0
 274877906944  79364513792            0            0 135815479296
       275829            0            0  92988964864  20800641024
 274877906944 274877906944            0 274877906944 274877906944
  30863110144            0 274877906944 274877906944            0
 135435149312            0            0            0            0
            0 274877906944            0     65050892            0
            0            0 274877906944            0 274877906944
 274877906944   6605149696 274877906944  22642477056            0
 116702019584      4497493 274877906944 274877906944  65444892672
            0  74830389248    255174512 274877906944 274877906944
 274877906944 274877906944  42337394688 274877906944  21886640128
 274877906944 274877906944 163580461056 274877906944 274877906944
            0   8434851840 274877906944            0    282228992
            0            0            0    209146592      7878828
            0  60354584576 223227199488 274877906944 192127483904
            0 274877906944 274877906944            0     79228816
            0  44306100224 274877906944            0 265911795712
 274877906944 274877906944            0  10532338688 184938528768
 251257257984  19735519232 274877906944 274877906944 136186650624
 274877906944 274877906944    120027496 274877906944  17667704832
 274877906944 274877906944 274877906944 274877906944 274877906944
 274877906944 274877906944            0            0  42443530240
            0            0            0   2781941760            0
            0 274877906944    784889728 274877906944 274877906944
            0            0  70835527680 274877906944    196871632
            0 274877906944    145388800  42351783936            0
            0  94934958080 274877906944            0 274877906944
 274877906944            0 274877906944 274877906944   1004765056
            0 274877906944  35337523200    215980416            0
            0 274877906944 274877906944            0 274877906944
            0 274877906944            0            0     38932960
  21083748352 274877906944 274877906944 274877906944    100248528
 274877906944    121964184 274877906944            0  49463971840
 148124696576 274877906944   1981233664  91659632640  32108220416
 274877906944            0 274877906944 274877906944            0
            0 274877906944  22317299712            0  85396537344
            0 182666723328 274877906944            0 274877906944
            0  60532748288  13266174976  20246775808            0
 274877906944 152230019072 274877906944  13636859904            0
 114552496128            0  74825318400 274877906944            0
 274877906944            0 274877906944 274877906944            0
            0   2166953216            0 274877906944 274877906944
            0            0            0            0   1792621568
 117288427520 274877906944 274877906944    141227216            0
 274877906944  29154197504 274877906944            0            0
  20591130624 274877906944            0            0 274877906944
            0  13759599616 274877906944            0            0
 274877906944            0  88614207488            0 274877906944
  89508675584 274877906944 274877906944     21098556            0
  90230472704            0 240908976128 274877906944 274877906944
   8896324608            0            0 274877906944            0
 274877906944 181079179264  19683182592 274877906944            0
 274877906944            0 274877906944  14241068032 274877906944
  21329272832 274877906944            0 183513038848 274877906944
 274877906944 274877906944   2780716800 274877906944 274877906944
 274877906944            0 274877906944 274877906944 274877906944
 274877906944  93379698688            0  59802492928 274877906944
  32647948288  20830126080            0            0            0
   1382087936            0 274877906944 274877906944  16710870016
 274877906944 136422907904  16361822208 274877906944 274877906944
            0  15288391680  10682088448            0     22213000
            0 274877906944            0            0            0
            0 115528925184 190785536000  27187439616            0
 153240649728 274877906944 274877906944 274877906944    392356736
 274877906944  46611910656 274877906944 274877906944            0
      1087485 274877906944            0 176492494848            0
 274877906944            0      1000011         4360            0
 259067985920  30462859264 141076070400            0            0
  51644887040            0 274877906944 274877906944            0
            0 274877906944 274877906944            0  29944842240
 274877906944 274877906944            0 274877906944  57756196864
  35256168448            0 274877906944     12667197      6859207
    720779392 274877906944 274877906944 274877906944 120071299072
 274877906944 274877906944            0    110892520 274877906944
 274877906944            0 274877906944  44769206272 274877906944
            0 125949124608            0  63442554880            0
 274877906944 274877906944 274877906944 274877906944 250426310656
 274877906944  64189317120  45855735808            0            0
 274877906944 274877906944   4925743104 274877906944 274877906944
    596232768            0  33680812032            0            0
 144011034624 274877906944            0 274877906944  62602387456
            0 274877906944 274877906944 274877906944            0
 269455245312  93380272128     21417258 274877906944  99570876416
 274877906944            0  36693147648            0            0
 274877906944            0    103613184            0            0
      7165646            0 274877906944 274877906944  34711343104
 274877906944            0            0 274877906944            0
 274877906944  13175341056            0 274877906944  86380486656
 274877906944    874608832  20995084288 274877906944   8104759808
   4662990848            0            0 111570468864 230109954048
            0 274877906944            0 274877906944            0
 174550810624            0 274877906944 274877906944 274877906944
            0  35998076928            0 274877906944 274877906944
 129968906240 274877906944            0  69279449088            0
   3586660864 274877906944 274877906944     61182252 274877906944
 274877906944            0            0            0  17225330688
  12198593536  72926273536 274877906944 274877906944   1948525568
            0    562264192  44880318464            0            0
            0 274877906944 229805228032  26625855488  18409932800
 274877906944 119448395776            0  80687693824            0
            0  29386344448 135402905600            0 155440709632
 274877906944            0 274877906944            0            0
            0     22535056            0 232742518784 274877906944
            0  73147703296            0 274877906944  25250002944
 274877906944 274877906944 259503144960            0            0
      7117981 274877906944      3349514 216268505088     12313975
            0            0 274877906944 274877906944 124106088448
 274877906944 274877906944 255876399104 274877906944            0
            0   3734744576            0    283804640            0
            0            0 274877906944  90816839680 274877906944
  38341357568 274877906944            0     61980068 274877906944
  12667406336 274877906944            0 274877906944            0
            0            0 141767639040   1143818240 274877906944
   3135792384 134814752768  14380695552  18976389120            0
 274877906944  61578616832 274877906944  57716207616            0
 274877906944   1863312256            0 274877906944            0
  12524687360            0 274877906944            0     21685688
            0   3176031232    108270992            0 194458714112
  22897014784 274877906944 274877906944            0 274877906944
      1054719  19637532672 274877906944    281421344            0
 274877906944            0            0 274877906944 274877906944
    125595584            0            0 274877906944 107210719232
 135773511680 274877906944 274877906944 163497050112            0
  51208003584            0 172202442752  35532795904 274877906944
            0  52526235648            0            0     23853200
 274877906944 191289049088            0 232154890240   5920529408
            0 120295555072    862262144 170521509888            0
 274877906944    736155648 246666723328 274877906944            0
 196858593280            0     12361518  56277950464 274877906944
  30490642432            0 274877906944     19248916 274877906944
 274877906944  14597007360            0            0            0
  11249811456            0            0            0 121183993856
  48363048960  93427965952 274877906944 274877906944 274877906944
 100729389056 127829147648            0 274877906944 274877906944
 274877906944 274877906944 274877906944 274877906944            0
      3126088            0            0            0     95473920
  33374021632 274877906944       203586 274877906944            0
            0            0            0    634694336 106228088832
  32609943552            0            0 274877906944 274877906944
 108744015872 274877906944            0  20144404480 127602417664
            0            0            0 274877906944 274877906944
            0 274877906944            0 128298467328 274877906944
  37649813504            0 274877906944            0 274877906944
    233468000 179501105152 274877906944 274877906944 274877906944
 274877906944  79500599296            0            0            0
            0            0            0            0            0
  16691588096   2980830208            0 166541934592 274877906944
 274877906944   1246766336            0            0 274877906944
 274877906944            0  18794033152 134294781952 109674528768
      7994911 274877906944 274877906944 244515553280 274877906944
            0            0 274877906944            0            0
            0            0   1016884224 274877906944            0
 274877906944            0            0            0 274877906944
   1940699392 274877906944   7742854144            0 274877906944
      5084538  33209286656            0            0 274877906944]
#[12121488894062  6563576064280  8473111647720  7382734928055 12997005701880
  9680175065182  8906948270588  1212971253884  2751584435302  5942619411494
 14185090046634   313885143268  6467091677470  7719682266032  4289954207750
 10555325447168 12432942327907  3049481882819  8493111735965 11023650010536
 10043579026341  4811213956700 10464408783750  6114011602377 11305551023633
  3573529374632 11805408280873 10863664221623 13686037433756  7650977804799
  8334143465391 12405590674886  9676669032281 11108418613992    31231466888
  9789050807593 10220461989549  8901334656668  2559319166240  6656931884635
  6360257453614 12127501043943  8032418206151  9238009024198 10773705328881
  4882447688362  3592561655133 14048861176380   603994792937  5777546758002
 12188741595153 12646220552326 12445659492938  5332221559450  3227260323259
  7309040638797 10092395432408  9094775978378 10896768633600  8620940146912
  8170372305557  1811396720144 10444282987697  5199410742629  9030421524403
 10287013415084  1096959313025 11750675651334  8229620539604  8612442005304
  5019965600259 10320305595543  4453609464416 12531423897372  9930738125066
 12398679395644  9309993382668 10769169251981  4142889867093  2370402923997
  7839293639903 12440919502011  4918377801887 11918566253176  9525957260557
  6099548086333  1353483809503 11823008810889 13523557334452 11029815347007
  6368692998796  9933281245862  5929148713002  9453696630623 12440707406196
  1386040469062 12062501974508  9495370234587  6536005385779  2389814873039]
#[12195934664163  6721029582615  8516382551133  7470104602709 13253870319408
  9646748770877  8901022756631  1263901489662  2767648378581  6084724132396
 14427804041295   314776572434  6620979664026  7797222108974  4325989456971
 10520313025914 12576932412178  3058186374999  8534060346901 11005091160071
 10009496882150  4997403960169 10428173067307  6256007257531 11300943600834
  3610492049113 11835179277504 10837793786399 13943004547793  7728571220629
  8390271446854 12542518590662  9643251711489 11093683728030    22877383748
  9755795792279 10185091637994  8896074655150  2604125827324  6814186472441
  6509915552811 12203176596385  8106522379093  9207830309837 10744330409616
  5080580204393  3630281714741 14295456999590   639420577075  5926390283425
 12275886927668 12843550486967 12592505549149  5527850947657  3244126423052
  7402529179841 10057649607784  9071626893169 10871858154423  8647189885180
  8238328685389  1880807936945 10407816074425  5406762064971  9012432920555
 10251638195721  1134599074107 11775159866813  8293716074405  8639698486380
  5230469770286 10284258851832  4539227771479 12700164208883  9897578185634
 12533762579213  9277324542095 10739659742961  4157390231809  2463618077193
  7916848062850 12586616564398  5121258817302 11961486193193  9491791479891
  6241218810668  1413560316495 11854407166165 13785642786607 11011556785804
  6518550150456  9900083501779  6071371762690  9418947378813 12586365667101
  1445918427764 12126975438734  9461056450279  6692251946994  2477858458722]
